0.6216928897707701
0
0.6216928897707701
0
0.6216928897707701
0
0.6216928897707701
0
0.6216928897707701
0
0.6216928897707701
0
0.6216928897707701
0
0.6216928897707701
0
0.6216928897707701
0
0.6216928897707701
0
0.6216928897707701
0
0.6216928897707701
0
0.6216928897707701
0
0.6216928897707701
0
0.6216928897707701
0
0.6216928897707701
0
0.5510535363522686
0
0.5510535363522686
0
0.5510535363522686
0
0.5510535363522686
0
0.5510535363522686
0
0.5510535363522686
0
0.5510535363522686
0
0.5510535363522686
0
0.5510535363522686
0
0.5510535363522686
0
0.5510535363522686
0
0.5510535363522686
0
0.5510535363522686
0
0.5510535363522686
0
0.5510535363522686
0
0.5510535363522686
0
0.4205290307258996
0
0.4205290307258996
0
0.4205290307258996
0
0.4205290307258996
0
0.4205290307258996
0
0.4205290307258996
0
0.4205290307258996
0
0.4205290307258996
0
0.4205290307258996
0
0.4205290307258996
0
0.4205290307258996
0
0.4205290307258996
0
0.4205290307258996
0
0.4205290307258996
0
0.4205290307258996
0
0.4205290307258996
0
0.2499905456656874
0
0.2499905456656874
0
0.2499905456656874
0
0.2499905456656874
0
0.2499905456656874
0
0.2499905456656874
0
0.2499905456656874
0
0.2499905456656874
0
0.2499905456656874
0
0.2499905456656874
0
0.2499905456656874
0
0.2499905456656874
0
0.2499905456656874
0
0.2499905456656874
0
0.2499905456656874
0
0.2499905456656874
0
0.06540101958683273
0
0.06540101958683273
0
0.06540101958683273
0
0.06540101958683273
0
0.06540101958683273
0
0.06540101958683273
0
0.06540101958683273
0
0.06540101958683273
0
0.06540101958683273
0
0.06540101958683273
0
0.06540101958683273
0
0.06540101958683273
0
0.06540101958683273
0
0.06540101958683273
0
0.06540101958683273
0
0.06540101958683273
0
-0.10513746547337928
0
-0.10513746547337928
0
-0.10513746547337928
0
-0.10513746547337928
0
-0.10513746547337928
0
-0.10513746547337928
0
-0.10513746547337928
0
-0.10513746547337928
0
-0.10513746547337928
0
-0.10513746547337928
0
-0.10513746547337928
0
-0.10513746547337928
0
-0.10513746547337928
0
-0.10513746547337928
0
-0.10513746547337928
0
-0.10513746547337928
0
-0.2356619710997486
0
-0.2356619710997486
0
-0.2356619710997486
0
-0.2356619710997486
0
-0.2356619710997486
0
-0.2356619710997486
0
-0.2356619710997486
0
-0.2356619710997486
0
-0.2356619710997486
0
-0.2356619710997486
0
-0.2356619710997486
0
-0.2356619710997486
0
-0.2356619710997486
0
-0.2356619710997486
0
-0.2356619710997486
0
-0.2356619710997486
0
-0.3063013245182499
0
-0.3063013245182499
0
-0.3063013245182499
0
-0.3063013245182499
0
-0.3063013245182499
0
-0.3063013245182499
0
-0.3063013245182499
0
-0.3063013245182499
0
-0.3063013245182499
0
-0.3063013245182499
0
-0.3063013245182499
0
-0.3063013245182499
0
-0.3063013245182499
0
-0.3063013245182499
0
-0.3063013245182499
0
-0.3063013245182499
0
-0.30630132451824993
0
-0.30630132451824993
0
-0.30630132451824993
0
-0.30630132451824993
0
-0.30630132451824993
0
-0.30630132451824993
0
-0.30630132451824993
0
-0.30630132451824993
0
-0.30630132451824993
0
-0.30630132451824993
0
-0.30630132451824993
0
-0.30630132451824993
0
-0.30630132451824993
0
-0.30630132451824993
0
-0.30630132451824993
0
-0.30630132451824993
0
-0.2356619710997487
0
-0.2356619710997487
0
-0.2356619710997487
0
-0.2356619710997487
0
-0.2356619710997487
0
-0.2356619710997487
0
-0.2356619710997487
0
-0.2356619710997487
0
-0.2356619710997487
0
-0.2356619710997487
0
-0.2356619710997487
0
-0.2356619710997487
0
-0.2356619710997487
0
-0.2356619710997487
0
-0.2356619710997487
0
-0.2356619710997487
0
-0.10513746547337938
0
-0.10513746547337938
0
-0.10513746547337938
0
-0.10513746547337938
0
-0.10513746547337938
0
-0.10513746547337938
0
-0.10513746547337938
0
-0.10513746547337938
0
-0.10513746547337938
0
-0.10513746547337938
0
-0.10513746547337938
0
-0.10513746547337938
0
-0.10513746547337938
0
-0.10513746547337938
0
-0.10513746547337938
0
-0.10513746547337938
0
0.06540101958683259
0
0.06540101958683259
0
0.06540101958683259
0
0.06540101958683259
0
0.06540101958683259
0
0.06540101958683259
0
0.06540101958683259
0
0.06540101958683259
0
0.06540101958683259
0
0.06540101958683259
0
0.06540101958683259
0
0.06540101958683259
0
0.06540101958683259
0
0.06540101958683259
0
0.06540101958683259
0
0.06540101958683259
0
0.2499905456656874
0
0.2499905456656874
0
0.2499905456656874
0
0.2499905456656874
0
0.2499905456656874
0
0.2499905456656874
0
0.2499905456656874
0
0.2499905456656874
0
0.2499905456656874
0
0.2499905456656874
0
0.2499905456656874
0
0.2499905456656874
0
0.2499905456656874
0
0.2499905456656874
0
0.2499905456656874
0
0.2499905456656874
0
0.4205290307258993
0
0.4205290307258993
0
0.4205290307258993
0
0.4205290307258993
0
0.4205290307258993
0
0.4205290307258993
0
0.4205290307258993
0
0.4205290307258993
0
0.4205290307258993
0
0.4205290307258993
0
0.4205290307258993
0
0.4205290307258993
0
0.4205290307258993
0
0.4205290307258993
0
0.4205290307258993
0
0.4205290307258993
0
0.5510535363522686
0
0.5510535363522686
0
0.5510535363522686
0
0.5510535363522686
0
0.5510535363522686
0
0.5510535363522686
0
0.5510535363522686
0
0.5510535363522686
0
0.5510535363522686
0
0.5510535363522686
0
0.5510535363522686
0
0.5510535363522686
0
0.5510535363522686
0
0.5510535363522686
0
0.5510535363522686
0
0.5510535363522686
0
0.6216928897707699
0
0.6216928897707699
0
0.6216928897707699
0
0.6216928897707699
0
0.6216928897707699
0
0.6216928897707699
0
0.6216928897707699
0
0.6216928897707699
0
0.6216928897707699
0
0.6216928897707699
0
0.6216928897707699
0
0.6216928897707699
0
0.6216928897707699
0
0.6216928897707699
0
0.6216928897707699
0
0.6216928897707699
0
