-0.12518711866527996
0
-0.11565781666891381
-0.047907036258725125
-0.08852066052542447
-0.08852066052542445
-0.04790703625872511
-0.11565781666891381
0.
-0.12518711866527996
0.047907036258725146
-0.1156578166689138
0.08852066052542444
-0.08852066052542448
0.11565781666891381
-0.0479070362587251
0.12518711866527996
0
0.11565781666891381
0.047907036258725125
0.08852066052542447
0.08852066052542445
0.04790703625872511
0.11565781666891381
0.
0.12518711866527996
-0.047907036258725146
0.1156578166689138
-0.08852066052542444
0.08852066052542448
-0.11565781666891381
0.0479070362587251
-0.33573063966006894
0
-0.3101746664188598
-0.12847855353524235
-0.23739741195573205
-0.237397411955732
-0.12847855353524232
-0.3101746664188598
0.
-0.33573063966006894
0.1284785535352424
-0.31017466641885977
0.23739741195573197
-0.23739741195573208
0.3101746664188598
-0.12847855353524226
0.33573063966006894
0
0.3101746664188598
0.12847855353524235
0.23739741195573205
0.237397411955732
0.12847855353524232
0.3101746664188598
0.
0.33573063966006894
-0.1284785535352424
0.31017466641885977
-0.23739741195573197
0.23739741195573208
-0.3101746664188598
0.12847855353524226
-0.4401165000414481
0
-0.40661462630879686
-0.16842529287637156
-0.31120936169139746
-0.31120936169139735
-0.1684252928763715
-0.40661462630879686
0.
-0.4401165000414481
0.16842529287637162
-0.40661462630879674
0.3112093616913973
-0.31120936169139746
0.40661462630879686
-0.16842529287637145
0.4401165000414481
0
0.40661462630879686
0.16842529287637156
0.31120936169139746
0.31120936169139735
0.1684252928763715
0.40661462630879686
0.
0.4401165000414481
-0.16842529287637162
0.40661462630879674
-0.3112093616913973
0.31120936169139746
-0.40661462630879686
0.16842529287637145
-0.40753018032705435
0
-0.37650879248479935
-0.15595504819992115
-0.2881673540474367
-0.28816735404743665
-0.1559550481999211
-0.37650879248479935
0.
-0.40753018032705435
0.1559550481999212
-0.37650879248479935
0.2881673540474366
-0.28816735404743676
0.37650879248479935
-0.15595504819992104
0.40753018032705435
0
0.37650879248479935
0.15595504819992115
0.2881673540474367
0.28816735404743665
0.1559550481999211
0.37650879248479935
0.
0.40753018032705435
-0.1559550481999212
0.37650879248479935
-0.2881673540474366
0.28816735404743676
-0.37650879248479935
0.15595504819992104
-0.25288802040777775
0
-0.23363806607204246
-0.09677605565366126
-0.17881883411118168
-0.17881883411118166
-0.09677605565366124
-0.23363806607204246
0.
-0.25288802040777775
0.0967760556536613
-0.23363806607204243
0.17881883411118163
-0.1788188341111817
0.23363806607204246
-0.0967760556536612
0.25288802040777775
0
0.23363806607204246
0.09677605565366126
0.17881883411118168
0.17881883411118166
0.09677605565366124
0.23363806607204246
0.
0.25288802040777775
-0.0967760556536613
0.23363806607204243
-0.17881883411118163
0.1788188341111817
-0.23363806607204246
0.0967760556536612
-0.031658372324009275
0
-0.02924852222277395
-0.012115134584043834
-0.022385849751635482
-0.02238584975163548
-0.012115134584043832
-0.02924852222277395
0.
-0.031658372324009275
0.01211513458404384
-0.029248522222773948
0.022385849751635475
-0.022385849751635486
0.02924852222277395
-0.012115134584043829
0.031658372324009275
0
0.02924852222277395
0.012115134584043834
0.022385849751635482
0.02238584975163548
0.012115134584043832
0.02924852222277395
0.
0.031658372324009275
-0.01211513458404384
0.029248522222773948
-0.022385849751635475
0.022385849751635486
-0.02924852222277395
0.012115134584043829
0.17896313449893653
0
0.16534037703763202
0.06848622657686824
0.1265460459865982
0.1265460459865982
0.06848622657686822
0.16534037703763202
0.
0.17896313449893653
-0.06848622657686827
0.165340377037632
-0.12654604598659816
0.12654604598659822
-0.16534037703763202
0.0684862265768682
-0.17896313449893653
0
-0.16534037703763202
-0.06848622657686824
-0.1265460459865982
-0.1265460459865982
-0.06848622657686822
-0.16534037703763202
0.
-0.17896313449893653
0.06848622657686827
-0.165340377037632
0.12654604598659816
-0.12654604598659822
0.16534037703763202
-0.0684862265768682
0.3061741965618626
0
0.28286807358659244
0.11716779244191726
0.216497850613236
0.21649785061323595
0.11716779244191723
0.28286807358659244
0.
0.3061741965618626
-0.1171677924419173
0.2828680735865924
-0.21649785061323593
0.21649785061323604
-0.28286807358659244
0.11716779244191719
-0.3061741965618626
0
-0.28286807358659244
-0.11716779244191726
-0.216497850613236
-0.21649785061323595
-0.11716779244191723
-0.28286807358659244
0.
-0.3061741965618626
0.1171677924419173
-0.2828680735865924
0.21649785061323593
-0.21649785061323604
0.28286807358659244
-0.11716779244191719
0.30617419656186273
0
0.2828680735865925
0.11716779244191729
0.21649785061323606
0.21649785061323604
0.11716779244191725
0.2828680735865925
0.
0.30617419656186273
-0.11716779244191733
0.2828680735865925
-0.216497850613236
0.2164978506132361
-0.2828680735865925
0.11716779244191723
-0.30617419656186273
0
-0.2828680735865925
-0.11716779244191729
-0.21649785061323606
-0.21649785061323604
-0.11716779244191725
-0.2828680735865925
0.
-0.30617419656186273
0.11716779244191733
-0.2828680735865925
0.216497850613236
-0.2164978506132361
0.2828680735865925
-0.11716779244191723
0.17896313449893667
0
0.16534037703763213
0.0684862265768683
0.1265460459865983
0.12654604598659827
0.06848622657686827
0.16534037703763213
0.
0.17896313449893667
-0.06848622657686833
0.16534037703763213
-0.12654604598659824
0.12654604598659833
-0.16534037703763213
0.06848622657686826
-0.17896313449893667
0
-0.16534037703763213
-0.0684862265768683
-0.1265460459865983
-0.12654604598659827
-0.06848622657686827
-0.16534037703763213
0.
-0.17896313449893667
0.06848622657686833
-0.16534037703763213
0.12654604598659824
-0.12654604598659833
0.16534037703763213
-0.06848622657686826
-0.03165837232400916
0
-0.029248522222773833
-0.012115134584043787
-0.022385849751635396
-0.022385849751635392
-0.012115134584043783
-0.029248522222773833
0.
-0.03165837232400916
0.012115134584043792
-0.029248522222773833
0.02238584975163539
-0.022385849751635396
0.029248522222773833
-0.012115134584043778
0.03165837232400916
0
0.029248522222773833
0.012115134584043787
0.022385849751635396
0.022385849751635392
0.012115134584043783
0.029248522222773833
0.
0.03165837232400916
-0.012115134584043792
0.029248522222773833
-0.02238584975163539
0.022385849751635396
-0.029248522222773833
0.012115134584043778
-0.2528880204077777
0
-0.2336380660720424
-0.09677605565366124
-0.17881883411118163
-0.1788188341111816
-0.09677605565366121
-0.2336380660720424
0.
-0.2528880204077777
0.09677605565366129
-0.23363806607204238
0.17881883411118157
-0.17881883411118166
0.2336380660720424
-0.09677605565366118
0.2528880204077777
0
0.2336380660720424
0.09677605565366124
0.17881883411118163
0.1788188341111816
0.09677605565366121
0.2336380660720424
0.
0.2528880204077777
-0.09677605565366129
0.23363806607204238
-0.17881883411118157
0.17881883411118166
-0.2336380660720424
0.09677605565366118
-0.40753018032705435
0
-0.37650879248479935
-0.15595504819992115
-0.2881673540474367
-0.28816735404743665
-0.1559550481999211
-0.37650879248479935
0.
-0.40753018032705435
0.1559550481999212
-0.37650879248479935
0.2881673540474366
-0.28816735404743676
0.37650879248479935
-0.15595504819992104
0.40753018032705435
0
0.37650879248479935
0.15595504819992115
0.2881673540474367
0.28816735404743665
0.1559550481999211
0.37650879248479935
0.
0.40753018032705435
-0.1559550481999212
0.37650879248479935
-0.2881673540474366
0.28816735404743676
-0.37650879248479935
0.15595504819992104
-0.4401165000414482
0
-0.40661462630879686
-0.16842529287637156
-0.3112093616913974
-0.3112093616913974
-0.16842529287637154
-0.40661462630879686
0.
-0.4401165000414482
0.16842529287637162
-0.4066146263087968
0.31120936169139735
-0.31120936169139746
0.40661462630879686
-0.16842529287637145
0.4401165000414482
0
0.40661462630879686
0.16842529287637156
0.3112093616913974
0.3112093616913974
0.16842529287637154
0.40661462630879686
0.
0.4401165000414482
-0.16842529287637162
0.4066146263087968
-0.31120936169139735
0.31120936169139746
-0.40661462630879686
0.16842529287637145
-0.33573063966006905
0
-0.3101746664188598
-0.12847855353524237
-0.23739741195573208
-0.23739741195573205
-0.12847855353524232
-0.3101746664188598
0.
-0.33573063966006905
0.1284785535352424
-0.3101746664188598
0.237397411955732
-0.23739741195573213
0.3101746664188598
-0.1284785535352423
0.33573063966006905
0
0.3101746664188598
0.12847855353524237
0.23739741195573208
0.23739741195573205
0.12847855353524232
0.3101746664188598
0.
0.33573063966006905
-0.1284785535352424
0.3101746664188598
-0.237397411955732
0.23739741195573213
-0.3101746664188598
0.1284785535352423
-0.12518711866528018
0
-0.11565781666891403
-0.04790703625872522
-0.08852066052542464
-0.08852066052542462
-0.04790703625872521
-0.11565781666891403
0.
-0.12518711866528018
0.04790703625872524
-0.11565781666891402
0.08852066052542461
-0.08852066052542465
0.11565781666891403
-0.047907036258725194
0.12518711866528018
0
0.11565781666891403
0.04790703625872522
0.08852066052542464
0.08852066052542462
0.04790703625872521
0.11565781666891403
0.
0.12518711866528018
-0.04790703625872524
0.11565781666891402
-0.08852066052542461
0.08852066052542465
-0.11565781666891403
0.047907036258725194
