-0.00007040200232473099
-0.00015639392747036644
-2.266001031328419e-6
-0.00017149451221617468
0.00006624519881441613
-0.00015819948203131434
0.00012378769107744466
-0.00011871019340668606
0.0001608337396725798
-0.00005956517996170671
0.00017124935630470758
9.442480932518921e-6
0.00015330995028384407
0.00007688668041281888
0.00010998588176245419
0.00013160018348723197
0.00004845063723328684
0.00016452367073654204
-0.000021106937691430932
0.00017020575684220473
-0.00008716968081479062
0.00014770561677737647
-0.00013879909509246707
0.00010074876516588159
-0.00016744651650029113
0.00003711019526835446
-0.00016836857957110566
-0.0000326729841634637
-0.00014141261150178535
-0.00009704625592562971
-0.00009104191131856937
-0.0001453508612440925
-0.000025596728442312716
-0.00016958864930763547
0.000044086694100858696
-0.00016574639025992386
0.00010647035659295552
-0.00013446027535263556
0.0001512249345838901
-0.00008091057805402099
0.00017094008154657823
-0.000013963917852338706
0.00016235141476568046
0.00005529485151910331
0.00012688102333038452
0.00011539804330911376
0.00007040200232473099
0.00015639392747036644
2.266001031328419e-6
0.00017149451221617468
-0.00006624519881441613
0.00015819948203131434
-0.00012378769107744466
0.00011871019340668606
-0.0001608337396725798
0.00005956517996170671
-0.00017124935630470758
-9.442480932518921e-6
-0.00015330995028384407
-0.00007688668041281888
-0.00010998588176245419
-0.00013160018348723197
-0.00004845063723328684
-0.00016452367073654204
0.000021106937691430932
-0.00017020575684220473
0.00008716968081479062
-0.00014770561677737647
0.00013879909509246707
-0.00010074876516588159
0.00016744651650029113
-0.00003711019526835446
0.00016836857957110566
0.0000326729841634637
0.00014141261150178535
0.00009704625592562971
0.00009104191131856937
0.0001453508612440925
0.000025596728442312716
0.00016958864930763547
-0.000044086694100858696
0.00016574639025992386
-0.00010647035659295552
0.00013446027535263556
-0.0001512249345838901
0.00008091057805402099
-0.00017094008154657823
0.000013963917852338706
-0.00016235141476568046
-0.00005529485151910331
-0.00012688102333038452
-0.00011539804330911376
-0.0018831837689672285
-0.004183382518280632
-0.00006061328118165766
-0.0045873081902246355
0.0017719933959249403
-0.004231679312844491
0.0033111980190524215
-0.0031753799899509596
0.004302143093269759
-0.0015933095138700904
0.00458075051262888
0.0002525770041153461
0.004100889185850456
0.002056642479220059
0.0029420133023381864
0.0035201744460783184
0.0012960065143174705
0.004400845091207405
-0.0005645896588248392
0.004552835261582137
-0.0023317025458919716
0.003950978820423938
-0.0037127381948574676
0.0026949295906209024
-0.004479028317816477
0.0009926609341339727
-0.0045036925908709955
-0.000873969935919621
-0.003782647167890025
-0.00259589113893692
-0.002435280873121655
-0.0038879914443019892
-0.0006846871104444727
-0.004536328246803667
0.0011792753617320875
-0.004433551626311493
0.002847976489179677
-0.0035966790681178987
0.004045117082862757
-0.002164277752020182
0.004572477719449305
-0.00037352095938155474
0.00434273939745881
0.0014790824614323375
0.003393941590235096
0.003086783258350042
0.0018831837689672285
0.004183382518280632
0.00006061328118165766
0.0045873081902246355
-0.0017719933959249403
0.004231679312844491
-0.0033111980190524215
0.0031753799899509596
-0.004302143093269759
0.0015933095138700904
-0.00458075051262888
-0.0002525770041153461
-0.004100889185850456
-0.002056642479220059
-0.0029420133023381864
-0.0035201744460783184
-0.0012960065143174705
-0.004400845091207405
0.0005645896588248392
-0.004552835261582137
0.0023317025458919716
-0.003950978820423938
0.0037127381948574676
-0.0026949295906209024
0.004479028317816477
-0.0009926609341339727
0.0045036925908709955
0.000873969935919621
0.003782647167890025
0.00259589113893692
0.002435280873121655
0.0038879914443019892
0.0006846871104444727
0.004536328246803667
-0.0011792753617320875
0.004433551626311493
-0.002847976489179677
0.0035966790681178987
-0.004045117082862757
0.002164277752020182
-0.004572477719449305
0.00037352095938155474
-0.00434273939745881
-0.0014790824614323375
-0.003393941590235096
-0.003086783258350042
-0.008556652832869355
-0.019008103439449853
-0.0002754095551795122
-0.02084342710889916
0.00805143531976288
-0.019227550373325027
0.015045144492432883
-0.014428025896459057
0.019547717802721045
-0.007239546447966149
0.020813630882157284
0.001147638256762631
0.018633277138234112
0.009344800006251548
0.013367673868385728
0.015994674095321668
0.0058886859556109014
0.019996191681999537
-0.002565335249380205
0.02068679190027695
-0.010594594921374573
0.01795212696365143
-0.01686962914413386
0.012244995573966784
-0.020351434085036108
0.004510369691001733
-0.02046350154514296
-0.0039710714648578775
-0.017187275686122733
-0.011794992944308661
-0.01106522545766036
-0.017665930194536085
-0.003111024000821125
-0.020611788707761185
0.005358292712044661
-0.02014480089946599
0.012940397265344461
-0.016342289395373653
0.018379864523443736
-0.009833864152352876
0.020776041656739005
-0.0016971732806411396
0.01973217589277445
0.006720531125118588
0.015421107807553344
0.014025467480796996
0.008556652832869355
0.019008103439449853
0.0002754095551795122
0.02084342710889916
-0.00805143531976288
0.019227550373325027
-0.015045144492432883
0.014428025896459057
-0.019547717802721045
0.007239546447966149
-0.020813630882157284
-0.001147638256762631
-0.018633277138234112
-0.009344800006251548
-0.013367673868385728
-0.015994674095321668
-0.0058886859556109014
-0.019996191681999537
0.002565335249380205
-0.02068679190027695
0.010594594921374573
-0.01795212696365143
0.01686962914413386
-0.012244995573966784
0.020351434085036108
-0.004510369691001733
0.02046350154514296
0.0039710714648578775
0.017187275686122733
0.011794992944308661
0.01106522545766036
0.017665930194536085
0.003111024000821125
0.020611788707761185
-0.005358292712044661
0.02014480089946599
-0.012940397265344461
0.016342289395373653
-0.018379864523443736
0.009833864152352876
-0.020776041656739005
0.0016971732806411396
-0.01973217589277445
-0.006720531125118588
-0.015421107807553344
-0.014025467480796996
-0.022825876646769126
-0.05070634895121902
-0.0007346873428965592
-0.05560229044890595
0.021478149578813666
-0.05129174942743148
0.040134690401121505
-0.038488454048746054
0.05214583365784849
-0.019312340634534887
0.055522805513682626
0.0030614598717092693
0.049706455759029496
0.024928351821409227
0.03565984044624269
0.04266767216529191
0.01570876157532059
0.05334219041646155
-0.006843333147165366
0.05518444762877688
-0.028262326580414502
0.04788940764843837
-0.04500171754562291
0.032664964206321825
-0.05428984125958866
0.012031941018180566
-0.05458879437484061
-0.01059329964447731
-0.04584907701273355
-0.031464529326477156
-0.029517788824505554
-0.047125944145111905
-0.008299021997842156
-0.054984367801545586
0.014293875288779156
-0.05373862296230839
0.034520029912197686
-0.043594976815193844
0.04903044783876886
-0.026232987885219577
0.05542253183898715
-0.004527409105964206
0.05263789728276077
0.017927806288161412
0.04113761671147554
0.037414582183368565
0.022825876646769126
0.05070634895121902
0.0007346873428965592
0.05560229044890595
-0.021478149578813666
0.05129174942743148
-0.040134690401121505
0.038488454048746054
-0.05214583365784849
0.019312340634534887
-0.055522805513682626
-0.0030614598717092693
-0.049706455759029496
-0.024928351821409227
-0.03565984044624269
-0.04266767216529191
-0.01570876157532059
-0.05334219041646155
0.006843333147165366
-0.05518444762877688
0.028262326580414502
-0.04788940764843837
0.04500171754562291
-0.032664964206321825
0.05428984125958866
-0.012031941018180566
0.05458879437484061
0.01059329964447731
0.04584907701273355
0.031464529326477156
0.029517788824505554
0.047125944145111905
0.008299021997842156
0.054984367801545586
-0.014293875288779156
0.05373862296230839
-0.034520029912197686
0.043594976815193844
-0.04903044783876886
0.026232987885219577
-0.05542253183898715
0.004527409105964206
-0.05263789728276077
-0.017927806288161412
-0.04113761671147554
-0.037414582183368565
-0.04670926420006517
-0.10376189648420046
-0.0015034123654854852
-0.11378060588416956
0.04395137057517251
-0.10495981873399593
0.08212879998189038
-0.0787600580094001
0.1067075564697689
-0.039519411892897725
0.11361795351831633
0.006264755575370479
0.10171578557207311
0.0510116211226959
0.07297178261810515
0.08731211522833147
0.03214530184457729
0.10915569656884809
-0.014003714333804325
0.11292556180496348
-0.057834031944615796
0.09799750646388194
-0.09208834108865363
0.06684327909108893
-0.11109490242218842
0.024621315560177867
-0.11170665899389988
-0.021677381311634485
-0.09382231774305301
-0.06438679381232641
-0.06040312134082771
-0.0964352085930998
-0.016982533336971757
-0.11251613255692741
0.029249978331100435
-0.10996692817269915
0.07063935472512163
-0.08920968606674873
0.10033245063876793
-0.05368133635565177
0.1134127605421103
-0.009264570703889951
0.10771448076954263
0.03668619844924334
0.08418111765312224
0.07656256235772559
0.04670926420006517
0.10376189648420046
0.0015034123654854852
0.11378060588416956
-0.04395137057517251
0.10495981873399593
-0.08212879998189038
0.0787600580094001
-0.1067075564697689
0.039519411892897725
-0.11361795351831633
-0.006264755575370479
-0.10171578557207311
-0.0510116211226959
-0.07297178261810515
-0.08731211522833147
-0.03214530184457729
-0.10915569656884809
0.014003714333804325
-0.11292556180496348
0.057834031944615796
-0.09799750646388194
0.09208834108865363
-0.06684327909108893
0.11109490242218842
-0.024621315560177867
0.11170665899389988
0.021677381311634485
0.09382231774305301
0.06438679381232641
0.06040312134082771
0.0964352085930998
0.016982533336971757
0.11251613255692741
-0.029249978331100435
0.10996692817269915
-0.07063935472512163
0.08920968606674873
-0.10033245063876793
0.05368133635565177
-0.1134127605421103
0.009264570703889951
-0.10771448076954263
-0.03668619844924334
-0.08418111765312224
-0.07656256235772559
-0.08130155690625622
-0.1806066500122586
-0.002616820626044402
-0.19804508939593227
0.07650120200181525
-0.18269173839095504
0.14295235473567744
-0.137088764891791
0.1857338286789446
-0.06878699054539421
0.1977619787367338
0.010904354642222313
0.17704521513188212
0.0887901851723337
0.12701376565611916
0.15197436796343042
0.055951707481233195
0.18999503049807964
-0.02437468877549051
0.19655681044199327
-0.10066518751234924
0.17057322535244288
-0.16028780653349411
0.11634656961300092
-0.19337038777973156
0.042855551728427775
-0.1944352035626294
-0.037731376857869814
-0.16330594445658242
-0.11207084227922687
-0.10513691215456894
-0.16785390935761418
-0.029559583610530862
-0.19584416305012445
0.050912143843820284
-0.1914070500092874
0.12295397104537738
-0.15527725586255123
0.17463739977176845
-0.09343705787848428
0.19740482242700635
-0.01612579506857854
0.18748646843168626
0.06385553491316191
0.14652459302276954
0.13326383164063485
0.08130155690625622
0.1806066500122586
0.002616820626044402
0.19804508939593227
-0.07650120200181525
0.18269173839095504
-0.14295235473567744
0.137088764891791
-0.1857338286789446
0.06878699054539421
-0.1977619787367338
-0.010904354642222313
-0.17704521513188212
-0.0887901851723337
-0.12701376565611916
-0.15197436796343042
-0.055951707481233195
-0.18999503049807964
0.02437468877549051
-0.19655681044199327
0.10066518751234924
-0.17057322535244288
0.16028780653349411
-0.11634656961300092
0.19337038777973156
-0.042855551728427775
0.1944352035626294
0.037731376857869814
0.16330594445658242
0.11207084227922687
0.10513691215456894
0.16785390935761418
0.029559583610530862
0.19584416305012445
-0.050912143843820284
0.1914070500092874
-0.12295397104537738
0.15527725586255123
-0.17463739977176845
0.09343705787848428
-0.19740482242700635
0.01612579506857854
-0.18748646843168626
-0.06385553491316191
-0.14652459302276954
-0.13326383164063485
-0.12663924730935058
-0.28132167558596577
-0.004076086695460885
-0.30848463435125145
0.11916198174336512
-0.28456951034952455
0.22266951942506283
-0.21353610756166233
0.2893080176915461
-0.10714595192055676
0.3080436474605885
0.016985151537473153
0.2757742119240806
0.13830389781646288
0.19784280022046452
0.23672264470155707
0.08715309264331053
0.29594547226859336
-0.03796719715327201
0.30616641888668783
-0.15680097727424408
0.265693126820052
-0.2496720597328007
0.1812270584166587
-0.3012030924398947
0.06675388541664452
-0.30286170113572547
-0.05877222216956576
-0.2543732577098139
-0.17456697819367475
-0.1637663524086753
-0.2614573883682231
-0.046043440761309576
-0.3050563647531944
0.07930322395573525
-0.2981449023273762
0.19151906727734624
-0.2418673830486235
0.2720236819653951
-0.14554209206811553
0.30748732347422475
-0.02511832033062183
0.2920380143550488
0.09946447750395433
0.22823381099710005
0.20757820606054547
0.12663924730935058
0.28132167558596577
0.004076086695460885
0.30848463435125145
-0.11916198174336512
0.28456951034952455
-0.22266951942506283
0.21353610756166233
-0.2893080176915461
0.10714595192055676
-0.3080436474605885
-0.016985151537473153
-0.2757742119240806
-0.13830389781646288
-0.19784280022046452
-0.23672264470155707
-0.08715309264331053
-0.29594547226859336
0.03796719715327201
-0.30616641888668783
0.15680097727424408
-0.265693126820052
0.2496720597328007
-0.1812270584166587
0.3012030924398947
-0.06675388541664452
0.30286170113572547
0.05877222216956576
0.2543732577098139
0.17456697819367475
0.1637663524086753
0.2614573883682231
0.046043440761309576
0.3050563647531944
-0.07930322395573525
0.2981449023273762
-0.19151906727734624
0.2418673830486235
-0.2720236819653951
0.14554209206811553
-0.30748732347422475
0.02511832033062183
-0.2920380143550488
-0.09946447750395433
-0.22823381099710005
-0.20757820606054547
-0.18164940143034417
-0.40352351317077795
-0.0058466764777903284
-0.4424856462031886
0.17092412594699335
-0.40818215773223815
0.31939375651483787
-0.306292930086592
0.414979000264387
-0.15368851636104514
0.4418531013450224
0.024363241850679188
0.3955663160533909
0.1983809978945522
0.2837826898130735
0.3395513446949464
0.12501106448294372
0.4244996636966048
-0.05445956749910739
0.43916043336063365
-0.22491292605350452
0.38110616160820626
-0.3581257877627617
0.2599493236401871
-0.43204111373959214
0.0957507533147501
-0.434420196711152
-0.08430197750428786
-0.3648691143117891
-0.25039620632713283
-0.23490395372296385
-0.375030483090387
-0.06604400793424361
-0.4375681886719725
0.1137513327749556
-0.42765449256802
0.27471202389923743
-0.346930878773963
0.3901866131846778
-0.20876335313737418
0.4410551187190087
-0.03602933490158394
0.41889486576713053
0.14267032682245875
0.32737509132943476
0.29774700720365543
0.18164940143034417
0.40352351317077795
0.0058466764777903284
0.4424856462031886
-0.17092412594699335
0.40818215773223815
-0.31939375651483787
0.306292930086592
-0.414979000264387
0.15368851636104514
-0.4418531013450224
-0.024363241850679188
-0.3955663160533909
-0.1983809978945522
-0.2837826898130735
-0.3395513446949464
-0.12501106448294372
-0.4244996636966048
0.05445956749910739
-0.43916043336063365
0.22491292605350452
-0.38110616160820626
0.3581257877627617
-0.2599493236401871
0.43204111373959214
-0.0957507533147501
0.434420196711152
0.08430197750428786
0.3648691143117891
0.25039620632713283
0.23490395372296385
0.375030483090387
0.06604400793424361
0.4375681886719725
-0.1137513327749556
0.42765449256802
-0.27471202389923743
0.346930878773963
-0.3901866131846778
0.20876335313737418
-0.4410551187190087
0.03602933490158394
-0.41889486576713053
-0.14267032682245875
-0.32737509132943476
-0.29774700720365543
-0.24418658329236323
-0.5424462023184137
-0.007859535685147485
-0.5948219881346699
0.22976887338235796
-0.54870869748371
0.4293527504860958
-0.4117416489981211
0.557845516774238
-0.20659949003942596
0.593971674472866
0.03275087469927148
0.5317495484270235
0.26667843485614745
0.381481716302508
0.45645007393641696
0.16804913459369114
0.5706438979188151
-0.07320858538741871
0.5903519906761056
-0.3023446183628261
0.5123111375099166
-0.48141921643605556
0.3494431397463139
-0.5807816737912739
0.1287152565078202
-0.5839798133811641
-0.11332496385602166
-0.49048409557722417
-0.3366011316907005
-0.31577529796305737
-0.5041437603164498
-0.08878124847871197
-0.5882115774007077
0.15291296903018026
-0.5748848526201075
0.36928825516118147
-0.46637019037421096
0.5245177532639498
-0.2806351659728444
0.5928989671067055
-0.04843330128609167
0.5631095132984107
0.19178802335520034
0.4400818520583692
0.40025358631565483
0.24418658329236323
0.5424462023184137
0.007859535685147485
0.5948219881346699
-0.22976887338235796
0.54870869748371
-0.4293527504860958
0.4117416489981211
-0.557845516774238
0.20659949003942596
-0.593971674472866
-0.03275087469927148
-0.5317495484270235
-0.26667843485614745
-0.381481716302508
-0.45645007393641696
-0.16804913459369114
-0.5706438979188151
0.07320858538741871
-0.5903519906761056
0.3023446183628261
-0.5123111375099166
0.48141921643605556
-0.3494431397463139
0.5807816737912739
-0.1287152565078202
0.5839798133811641
0.11332496385602166
0.49048409557722417
0.3366011316907005
0.31577529796305737
0.5041437603164498
0.08878124847871197
0.5882115774007077
-0.15291296903018026
0.5748848526201075
-0.36928825516118147
0.46637019037421096
-0.5245177532639498
0.2806351659728444
-0.5928989671067055
0.04843330128609167
-0.5631095132984107
-0.19178802335520034
-0.4400818520583692
-0.40025358631565483
-0.31115593759165094
-0.6912147031163076
-0.010015051450304504
-0.7579548021136566
0.2927841008408952
-0.6991947179416425
0.5471048238350671
-0.5246637923843277
0.7108373542184518
-0.2632604017895892
0.7568712858077308
0.041732960863772386
0.6775844400371772
0.3398162884886627
0.48610492644495484
0.5816337196111052
0.21413742446840164
0.7271457534392566
-0.0932863948495778
0.7522588861812622
-0.3852640957338674
0.6528149506874593
-0.6134507704931861
0.4452796149432633
-0.7400638634932891
0.16401603962445546
-0.7441391083704814
-0.14440488459982948
-0.6250017366859038
-0.42891562391956445
-0.402378204327211
-0.6424076307027446
-0.11312993629087277
-0.7495314541882333
0.19485009211804985
-0.7325498105277839
0.4705673494709808
-0.5942744760752902
0.6683692899904492
-0.3576007207771921
0.7555043832458505
-0.061716368971382704
0.7175450273095529
0.2443868185603264
0.5607764335288711
0.5100250728163709
0.31115593759165094
0.6912147031163076
0.010015051450304504
0.7579548021136566
-0.2927841008408952
0.6991947179416425
-0.5471048238350671
0.5246637923843277
-0.7108373542184518
0.2632604017895892
-0.7568712858077308
-0.041732960863772386
-0.6775844400371772
-0.3398162884886627
-0.48610492644495484
-0.5816337196111052
-0.21413742446840164
-0.7271457534392566
0.0932863948495778
-0.7522588861812622
0.3852640957338674
-0.6528149506874593
0.6134507704931861
-0.4452796149432633
0.7400638634932891
-0.16401603962445546
0.7441391083704814
0.14440488459982948
0.6250017366859038
0.42891562391956445
0.402378204327211
0.6424076307027446
0.11312993629087277
0.7495314541882333
-0.19485009211804985
0.7325498105277839
-0.4705673494709808
0.5942744760752902
-0.6683692899904492
0.3576007207771921
-0.7555043832458505
0.061716368971382704
-0.7175450273095529
-0.2443868185603264
-0.5607764335288711
-0.5100250728163709
-0.37871397329032175
-0.8412909251868668
-0.01218951486771692
-0.9225216041342373
0.3563532516972444
-0.8510035572028575
0.6658919744375765
-0.6385785564413692
0.8651740373746065
-0.32041938053126534
0.9212028352606041
0.05079400235206322
0.824701265585178
0.41359704654327906
0.5916478070605462
0.7079177683654817
0.2606308447085233
0.8850233088193996
-0.11354069448540512
0.9155889935243262
-0.4689124610341064
0.7945538359696305
-0.7466429228690302
0.541958522487384
-0.9007461930549714
0.19962712757562068
-0.9057062532470346
-0.17575800748852324
-0.7607018295897086
-0.5220415891727281
-0.48974237710407714
-0.7818868834016625
-0.13769265662230126
-0.9122693827370345
0.2371558555275081
-0.8916006923259607
0.5727367184383512
-0.7233030801258806
0.8134853263500962
-0.4352428266843628
0.919539151435969
-0.0751161989422728
0.8733380773975138
0.2974479734923933
0.6825319578121182
0.620761484736508
0.37871397329032175
0.8412909251868668
0.01218951486771692
0.9225216041342373
-0.3563532516972444
0.8510035572028575
-0.6658919744375765
0.6385785564413692
-0.8651740373746065
0.32041938053126534
-0.9212028352606041
-0.05079400235206322
-0.824701265585178
-0.41359704654327906
-0.5916478070605462
-0.7079177683654817
-0.2606308447085233
-0.8850233088193996
0.11354069448540512
-0.9155889935243262
0.4689124610341064
-0.7945538359696305
0.7466429228690302
-0.541958522487384
0.9007461930549714
-0.19962712757562068
0.9057062532470346
0.17575800748852324
0.7607018295897086
0.5220415891727281
0.48974237710407714
0.7818868834016625
0.13769265662230126
0.9122693827370345
-0.2371558555275081
0.8916006923259607
-0.5727367184383512
0.7233030801258806
-0.8134853263500962
0.4352428266843628
-0.919539151435969
0.0751161989422728
-0.8733380773975138
-0.2974479734923933
-0.6825319578121182
-0.620761484736508
-0.44253269244498267
-0.9830604744205486
-0.014243622402265227
-1.0779796841645122
0.4164038695615149
-0.9944098237973902
0.7781042927071131
-0.7461881732655129
1.0109682324802276
-0.37441462734028463
1.0764386838806008
0.05935351797458941
0.9636752199856583
0.4832940622810854
0.6913489216225975
0.8272120337747944
0.3045508684060497
1.0341623899580186
-0.13267392485193938
1.0698788295479735
-0.547930914984618
0.9284475174476364
-0.8724629304842906
0.6332862821673335
-1.0525348049848977
0.23326715273686235
-1.0583307062356824
-0.2053757446468354
-0.8888909639943329
-0.6100130608272137
-0.5722709697276752
-0.9136460022664721
-0.16089583792108425
-1.0659998168809561
0.2771200079148585
-1.0418481566254405
0.669251044186662
-0.8451899905379989
0.9505692346298048
-0.5085874658560381
1.0744946455450295
-0.08777435243635481
1.0205080299721891
0.3475722097821431
0.797548351190085
0.7253686702391665
0.44253269244498267
0.9830604744205486
0.014243622402265227
1.0779796841645122
-0.4164038695615149
0.9944098237973902
-0.7781042927071131
0.7461881732655129
-1.0109682324802276
0.37441462734028463
-1.0764386838806008
-0.05935351797458941
-0.9636752199856583
-0.4832940622810854
-0.6913489216225975
-0.8272120337747944
-0.3045508684060497
-1.0341623899580186
0.13267392485193938
-1.0698788295479735
0.547930914984618
-0.9284475174476364
0.8724629304842906
-0.6332862821673335
1.0525348049848977
-0.23326715273686235
1.0583307062356824
0.2053757446468354
0.8888909639943329
0.6100130608272137
0.5722709697276752
0.9136460022664721
0.16089583792108425
1.0659998168809561
-0.2771200079148585
1.0418481566254405
-0.669251044186662
0.8451899905379989
-0.9505692346298048
0.5085874658560381
-1.0744946455450295
0.08777435243635481
-1.0205080299721891
-0.3475722097821431
-0.797548351190085
-0.7253686702391665
-0.4981078648434025
-1.1065174670376232
-0.01603239820142795
-1.2133570422946915
0.4686976712022317
-1.1192921168702188
0.8758220002333756
-0.8398977162639628
1.137930002240096
-0.4214352380616347
1.2116225165201069
0.06680738985841786
1.0846977283813437
0.5439882240660776
0.7781715138572137
0.9310969041401567
0.3427976856575434
1.1640369824821044
-0.1493356910271879
1.2042388472656258
-0.6167424527140704
1.0450459783657577
-0.982030604467887
0.7128171166341668
-1.184716684970285
0.2625618522010186
-1.191240460605755
-0.23116772026820886
-1.0005217415860346
-0.6866211433475239
-0.6441392369635032
-1.02838562479368
-0.1811018341860137
-1.1998726913854956
0.3119219388859458
-1.1726879610194023
0.7532984892533794
-0.9513326105872686
1.0699458366144214
-0.5724580828232553
1.2094343374295293
-0.09879743581999996
1.1486678488238262
0.3912218334355274
0.8977079278048117
0.8164636098654996
0.4981078648434025
1.1065174670376232
0.01603239820142795
1.2133570422946915
-0.4686976712022317
1.1192921168702188
-0.8758220002333756
0.8398977162639628
-1.137930002240096
0.4214352380616347
-1.2116225165201069
-0.06680738985841786
-1.0846977283813437
-0.5439882240660776
-0.7781715138572137
-0.9310969041401567
-0.3427976856575434
-1.1640369824821044
0.1493356910271879
-1.2042388472656258
0.6167424527140704
-1.0450459783657577
0.982030604467887
-0.7128171166341668
1.184716684970285
-0.2625618522010186
1.191240460605755
0.23116772026820886
1.0005217415860346
0.6866211433475239
0.6441392369635032
1.02838562479368
0.1811018341860137
1.1998726913854956
-0.3119219388859458
1.1726879610194023
-0.7532984892533794
0.9513326105872686
-1.0699458366144214
0.5724580828232553
-1.2094343374295293
0.09879743581999996
-1.1486678488238262
-0.3912218334355274
-0.8977079278048117
-0.8164636098654996
-0.5410888219520306
-1.2019971475394433
-0.017415809040886743
-1.3180557444698024
0.5091408681977063
-1.2158741021443298
0.9513953257793558
-0.9123711909193474
1.2361202218108687
-0.45780023281409904
1.3161715491493564
0.07257209618150866
1.1782946173885906
0.5909281263973397
0.8453187299943612
1.011439815636657
0.37237716766153844
1.2644799329917278
-0.1622216367908527
1.3081507544970843
-0.6699602048881043
1.1352213792034942
-1.0667685061737033
0.7743250029350205
-1.2869440550171167
0.2852179082569931
-1.2940307571602068
-0.2511148252449007
-1.0868552149088833
-0.7458686196373732
-0.6997210152689244
-1.1171234294944405
-0.19672883130217056
-1.3034078497802888
0.33883720046430255
-1.273877391084365
0.8182994505748249
-1.033421629889434
1.1622698077015619
-0.6218546052251835
1.3137945554700596
-0.10732251372206622
1.2477846205653813
0.42497976024147666
0.9751697561844624
0.8869149917311867
0.5410888219520306
1.2019971475394433
0.017415809040886743
1.3180557444698024
-0.5091408681977063
1.2158741021443298
-0.9513953257793558
0.9123711909193474
-1.2361202218108687
0.45780023281409904
-1.3161715491493564
-0.07257209618150866
-1.1782946173885906
-0.5909281263973397
-0.8453187299943612
-1.011439815636657
-0.37237716766153844
-1.2644799329917278
0.1622216367908527
-1.3081507544970843
0.6699602048881043
-1.1352213792034942
1.0667685061737033
-0.7743250029350205
1.2869440550171167
-0.2852179082569931
1.2940307571602068
0.2511148252449007
1.0868552149088833
0.7458686196373732
0.6997210152689244
1.1171234294944405
0.19672883130217056
1.3034078497802888
-0.33883720046430255
1.273877391084365
-0.8182994505748249
1.033421629889434
-1.1622698077015619
0.6218546052251835
-1.3137945554700596
0.10732251372206622
-1.2477846205653813
-0.42497976024147666
-0.9751697561844624
-0.8869149917311867
-0.5676053902999866
-1.260902152085265
-0.018269287198320425
-1.3826483100832685
0.5340917969224899
-1.2754591599463148
0.9980193515556464
-0.9570828021395541
1.2966974598134757
-0.4802351652514974
1.3806717779930193
0.07612856024152939
1.236038057076175
0.619887116893236
0.8867443720892002
1.0610063783026866
0.39062586217696643
1.3264469654039523
-0.17017146119114918
1.3722579167295492
-0.702792236973404
1.19085397420539
-1.1190465035334598
0.8122715304381851
-1.3500119629286986
0.2991952810126774
-1.357445955598067
-0.26342094423432927
-1.1401175803861334
-0.782420615222607
-0.7340115039523599
-1.1718691173917197
-0.20636971333410434
-1.3672825814912046
0.35544223723539725
-1.336304954798847
0.8584009873834817
-1.0840654321072678
1.2192279364677414
-0.6523291770015094
1.3781782974952879
-0.11258195478780299
1.308933483436704
0.4458062944476111
1.0229588703588026
0.9303790978870363
0.5676053902999866
1.260902152085265
0.018269287198320425
1.3826483100832685
-0.5340917969224899
1.2754591599463148
-0.9980193515556464
0.9570828021395541
-1.2966974598134757
0.4802351652514974
-1.3806717779930193
-0.07612856024152939
-1.236038057076175
-0.619887116893236
-0.8867443720892002
-1.0610063783026866
-0.39062586217696643
-1.3264469654039523
0.17017146119114918
-1.3722579167295492
0.702792236973404
-1.19085397420539
1.1190465035334598
-0.8122715304381851
1.3500119629286986
-0.2991952810126774
1.357445955598067
0.26342094423432927
1.1401175803861334
0.782420615222607
0.7340115039523599
1.1718691173917197
0.20636971333410434
1.3672825814912046
-0.35544223723539725
1.336304954798847
-0.8584009873834817
1.0840654321072678
-1.2192279364677414
0.6523291770015094
-1.3781782974952879
0.11258195478780299
-1.308933483436704
-0.4458062944476111
-1.0229588703588026
-0.9303790978870363
-0.5745676377120487
-1.2763683772044092
-0.01849337826526663
-1.3996078735109199
0.540642966616213
-1.291103941316051
1.0102610563849186
-0.9688223792757112
1.3126027501579571
-0.4861257295301176
1.3976070972791148
0.07706235312049686
1.251199299219314
0.6274906519355649
0.8976211780801999
1.0740206819681526
0.3954172787922822
1.3427171631680022
-0.17225878424257185
1.3890900315979133
-0.7114126861740352
1.205460988412344
-1.1327727273437822
0.8222348525935582
-1.3665712089397095
0.3028652101686192
-1.3740963869591607
-0.2666520653945939
-1.154102262013795
-0.7920177860680049
-0.7430148886649597
-1.1862432633552105
-0.20890104412683866
-1.384053668900212
0.35980209152610765
-1.3526960706555111
0.8689301334329294
-1.0973625781142955
1.2341829856805406
-0.6603306463356731
1.3950830317509397
-0.11396288498466378
1.324988860840365
0.451274554215473
1.0355064833122976
0.9417911274011984
0.5745676377120487
1.2763683772044092
0.01849337826526663
1.3996078735109199
-0.540642966616213
1.291103941316051
-1.0102610563849186
0.9688223792757112
-1.3126027501579571
0.4861257295301176
-1.3976070972791148
-0.07706235312049686
-1.251199299219314
-0.6274906519355649
-0.8976211780801999
-1.0740206819681526
-0.3954172787922822
-1.3427171631680022
0.17225878424257185
-1.3890900315979133
0.7114126861740352
-1.205460988412344
1.1327727273437822
-0.8222348525935582
1.3665712089397095
-0.3028652101686192
1.3740963869591607
0.2666520653945939
1.154102262013795
0.7920177860680049
0.7430148886649597
1.1862432633552105
0.20890104412683866
1.384053668900212
-0.35980209152610765
1.3526960706555111
-0.8689301334329294
1.0973625781142955
-1.2341829856805406
0.6603306463356731
-1.3950830317509397
0.11396288498466378
-1.324988860840365
-0.451274554215473
-1.0355064833122976
-0.9417911274011984
-0.5599159647614484
-1.2438205433205602
-0.0180217907404742
-1.3639173899615415
0.52685638448039
-1.2581803454645317
0.9844990509719058
-0.9441170744226661
1.2791309272652602
-0.4737293557449363
1.361967634213787
0.07509723653436037
1.2192932855058007
0.6114894238672232
0.8747315284174833
1.0466327841097907
0.385334001789507
1.3084774123560106
-0.1678661258261663
1.3536677566452968
-0.6932714172848992
1.1747213174011886
-1.1038866320626581
0.8012675802341925
-1.3317231717324252
0.29514204284026846
-1.3390564551166773
-0.25985234574919036
-1.1246722562412659
-0.7718210593279886
-0.7240677527115745
-1.1559936509618935
-0.20357399544415722
-1.3487598229336086
0.3506270140835726
-1.3182018542605056
0.8467721153052862
-1.0693794538527512
1.2027108938318014
-0.6434919870824392
1.3595079332272209
-0.11105679210767694
1.2912011878528542
0.4397668974222329
1.0091007108045855
0.9177751287949997
0.5599159647614484
1.2438205433205602
0.0180217907404742
1.3639173899615415
-0.52685638448039
1.2581803454645317
-0.9844990509719058
0.9441170744226661
-1.2791309272652602
0.4737293557449363
-1.361967634213787
-0.07509723653436037
-1.2192932855058007
-0.6114894238672232
-0.8747315284174833
-1.0466327841097907
-0.385334001789507
-1.3084774123560106
0.1678661258261663
-1.3536677566452968
0.6932714172848992
-1.1747213174011886
1.1038866320626581
-0.8012675802341925
1.3317231717324252
-0.29514204284026846
1.3390564551166773
0.25985234574919036
1.1246722562412659
0.7718210593279886
0.7240677527115745
1.1559936509618935
0.20357399544415722
1.3487598229336086
-0.3506270140835726
1.3182018542605056
-0.8467721153052862
1.0693794538527512
-1.2027108938318014
0.6434919870824392
-1.3595079332272209
0.11105679210767694
-1.2912011878528542
-0.4397668974222329
-1.0091007108045855
-0.9177751287949997
-0.5228026035044175
-1.1613753835672749
-0.01682723785692709
-1.273511754108747
0.4919343380334297
-1.174783363369878
0.9192427067426581
-0.8815374012981321
1.1943452608682281
-0.4423287709709104
1.2716912355929766
0.07011950586705946
1.138473885754396
0.5709575774454
0.8167509933725425
0.9772579795591321
0.3597925975198067
1.2217465492306423
-0.15673932008620298
1.2639415055001346
-0.647318749066499
1.096856317342438
-1.0307168245541274
0.7481565152881371
-1.2434514911992187
0.2755789048919947
-1.2502986966493368
-0.2426283432412686
-1.0501246984494004
-0.7206618218648668
-0.6760737861662549
-1.0793699919146618
-0.19008033619713943
-1.259358888315088
0.3273861210583097
-1.2308264181132227
0.7906448365785678
-0.99849691345476
1.1229906381152785
-0.6008388889648131
1.2693945729497405
-0.10369552523025322
1.205615458643102
0.41061747365134843
0.9422136749245256
0.8569415000875223
0.5228026035044175
1.1613753835672749
0.01682723785692709
1.273511754108747
-0.4919343380334297
1.174783363369878
-0.9192427067426581
0.8815374012981321
-1.1943452608682281
0.4423287709709104
-1.2716912355929766
-0.07011950586705946
-1.138473885754396
-0.5709575774454
-0.8167509933725425
-0.9772579795591321
-0.3597925975198067
-1.2217465492306423
0.15673932008620298
-1.2639415055001346
0.647318749066499
-1.096856317342438
1.0307168245541274
-0.7481565152881371
1.2434514911992187
-0.2755789048919947
1.2502986966493368
0.2426283432412686
1.0501246984494004
0.7206618218648668
0.6760737861662549
1.0793699919146618
0.19008033619713943
1.259358888315088
-0.3273861210583097
1.2308264181132227
-0.7906448365785678
0.99849691345476
-1.1229906381152785
0.6008388889648131
-1.2693945729497405
0.10369552523025322
-1.205615458643102
-0.41061747365134843
-0.9422136749245256
-0.8569415000875223
-0.46369052705099895
-1.0300613656102717
-0.014924621144556213
-1.1295187371103776
0.43631246468205065
-1.0419533362693387
0.8153060683327074
-0.7818640142247206
1.0593034154394223
-0.3923156839053289
1.1279040603960209
0.062191256153103135
1.0097492869788167
0.5064007299022223
0.7244028550120661
0.8667616889607542
0.3191116839409493
1.0836065037512939
-0.1390171691059158
1.1210305742902416
-0.574127921155431
0.9728373203930216
-0.9141760664812698
0.6635641952912803
-1.1028573183294115
0.24441983799804554
-1.1089303261581966
-0.21519491984340108
-0.9313895371394405
-0.6391782630119012
-0.5996316929782586
-0.9573281331788798
-0.1685883939415729
-1.116966102989671
0.2903693325265298
-1.0916597329423803
0.7012484607494293
-0.8855991859166807
0.9960166941988293
-0.5329034309112364
1.125867076065105
-0.09197091296895193
1.0692993181207986
0.36418990934144174
0.8356797624798368
0.7600491144533855
0.46369052705099895
1.0300613656102717
0.014924621144556213
1.1295187371103776
-0.43631246468205065
1.0419533362693387
-0.8153060683327074
0.7818640142247206
-1.0593034154394223
0.3923156839053289
-1.1279040603960209
-0.062191256153103135
-1.0097492869788167
-0.5064007299022223
-0.7244028550120661
-0.8667616889607542
-0.3191116839409493
-1.0836065037512939
0.1390171691059158
-1.1210305742902416
0.574127921155431
-0.9728373203930216
0.9141760664812698
-0.6635641952912803
1.1028573183294115
-0.24441983799804554
1.1089303261581966
0.21519491984340108
0.9313895371394405
0.6391782630119012
0.5996316929782586
0.9573281331788798
0.1685883939415729
1.116966102989671
-0.2903693325265298
1.0916597329423803
-0.7012484607494293
0.8855991859166807
-0.9960166941988293
0.5329034309112364
-1.125867076065105
0.09197091296895193
-1.0692993181207986
-0.36418990934144174
-0.8356797624798368
-0.7600491144533855
-0.38436176304716957
-0.8538371595613692
-0.012371298012956292
-0.9362792376882176
0.3616675743436186
-0.863694636783718
0.6758224711650175
-0.6481017261271296
0.8780764423841759
-0.32519781867427183
0.9349408019159184
0.05155149710120299
0.8370000971275272
0.41976505017576965
0.6004710949771409
0.7184749988952359
0.26451765195324833
0.898221727495887
-0.11523393533872973
0.9292432405387221
-0.47590538757251155
0.8064030766434447
-0.7577776645189507
0.550040790393549
-0.9141790882778674
0.20260418183246548
-0.9192131182178719
-0.17837909977554242
-0.7720462327651326
-0.5298268343654585
-0.4970459417359064
-0.7935472208661699
-0.13974607749005583
-0.9258741241479314
0.24069257850603398
-0.9048972000137211
0.5812779838785017
-0.7340897529585195
0.8256168937532985
-0.44173363545207905
0.9332523074502029
-0.0762364124249538
0.8863622333454373
0.3018838373272819
0.6927106078538939
0.6300189471017873
0.38436176304716957
0.8538371595613692
0.012371298012956292
0.9362792376882176
-0.3616675743436186
0.863694636783718
-0.6758224711650175
0.6481017261271296
-0.8780764423841759
0.32519781867427183
-0.9349408019159184
-0.05155149710120299
-0.8370000971275272
-0.41976505017576965
-0.6004710949771409
-0.7184749988952359
-0.26451765195324833
-0.898221727495887
0.11523393533872973
-0.9292432405387221
0.47590538757251155
-0.8064030766434447
0.7577776645189507
-0.550040790393549
0.9141790882778674
-0.20260418183246548
0.9192131182178719
0.17837909977554242
0.7720462327651326
0.5298268343654585
0.4970459417359064
0.7935472208661699
0.13974607749005583
0.9258741241479314
-0.24069257850603398
0.9048972000137211
-0.5812779838785017
0.7340897529585195
-0.8256168937532985
0.44173363545207905
-0.9332523074502029
0.0762364124249538
-0.8863622333454373
-0.3018838373272819
-0.6927106078538939
-0.6300189471017873
-0.287833700005047
-0.6394057173897084
-0.00926438793678155
-0.7011434100135293
0.2708388973707533
-0.6467876018912527
0.5060973830482425
-0.48533838624300446
0.6575575814176113
-0.24352810394175167
0.7001411070854078
0.03860492790386572
0.6267970907169402
0.3143458562762092
0.4496696436272245
0.5380382160120304
0.19808706744069915
0.6726436084599235
-0.08629424974985989
0.6958744231176716
-0.3563871896917106
0.6038841621643077
-0.567470466444149
0.41190433355683814
-0.6845934604945786
0.15172245759049963
-0.6883632513605599
-0.13358122796846167
-0.5781556468833101
-0.3967668815137987
-0.3722185353405759
-0.5942569076066004
-0.10465044760505603
-0.693351421795113
0.18024538883865235
-0.6776426123641032
0.4352966629791697
-0.5497315030889558
0.6182726487455571
-0.33079728248943674
0.6988766587031028
-0.05709050892425075
0.6637624906961536
0.22606916250139497
0.5187442572607373
0.47179689046055545
0.287833700005047
0.6394057173897084
0.00926438793678155
0.7011434100135293
-0.2708388973707533
0.6467876018912527
-0.5060973830482425
0.48533838624300446
-0.6575575814176113
0.24352810394175167
-0.7001411070854078
-0.03860492790386572
-0.6267970907169402
-0.3143458562762092
-0.4496696436272245
-0.5380382160120304
-0.19808706744069915
-0.6726436084599235
0.08629424974985989
-0.6958744231176716
0.3563871896917106
-0.6038841621643077
0.567470466444149
-0.41190433355683814
0.6845934604945786
-0.15172245759049963
0.6883632513605599
0.13358122796846167
0.5781556468833101
0.3967668815137987
0.3722185353405759
0.5942569076066004
0.10465044760505603
0.693351421795113
-0.18024538883865235
0.6776426123641032
-0.4352966629791697
0.5497315030889558
-0.6182726487455571
0.33079728248943674
-0.6988766587031028
0.05709050892425075
-0.6637624906961536
-0.22606916250139497
-0.5187442572607373
-0.47179689046055545
-0.17818869073163976
-0.39583574691219003
-0.005735287969602457
-0.434055589193473
0.16766774884542449
-0.4004056368675333
0.3133087962476049
-0.30045756144930713
0.4070729887133205
-0.1507605051006137
0.4334350953233136
0.023899083251400256
0.38803014708595285
0.1946015236082216
0.27837617714080454
0.33308235023588195
0.12262940440090683
0.4164122683284753
-0.05342202591401576
0.4307937269569156
-0.22062797623621178
0.3738454816365992
-0.3513029205502441
0.2549968745907607
-0.4238100417249006
0.09392654880982948
-0.4261437993729089
-0.0826958904312022
-0.35791777597770813
-0.24562575939294026
-0.23042865889999267
-0.3678855544809257
-0.0647857642899286
-0.42923181706806995
0.11158418853321066
-0.41950699268018427
0.26947832187388066
-0.3403212924255908
0.3827529361336842
-0.2047860784312037
0.43265231553853956
-0.03534291863057336
0.41091425073521937
0.1399522296389045
0.3211380739094376
0.2920744520219527
0.17818869073163976
0.39583574691219003
0.005735287969602457
0.434055589193473
-0.16766774884542449
0.4004056368675333
-0.3133087962476049
0.30045756144930713
-0.4070729887133205
0.1507605051006137
-0.4334350953233136
-0.023899083251400256
-0.38803014708595285
-0.1946015236082216
-0.27837617714080454
-0.33308235023588195
-0.12262940440090683
-0.4164122683284753
0.05342202591401576
-0.4307937269569156
0.22062797623621178
-0.3738454816365992
0.3513029205502441
-0.2549968745907607
0.4238100417249006
-0.09392654880982948
0.4261437993729089
0.0826958904312022
0.35791777597770813
0.24562575939294026
0.23042865889999267
0.3678855544809257
0.0647857642899286
0.42923181706806995
-0.11158418853321066
0.41950699268018427
-0.26947832187388066
0.3403212924255908
-0.3827529361336842
0.2047860784312037
-0.43265231553853956
0.03534291863057336
-0.41091425073521937
-0.1399522296389045
-0.3211380739094376
-0.2920744520219527
-0.06032859584809777
-0.1340164445882826
-0.0019417723345400034
-0.1469563758987277
0.05676656478771634
-0.13556365301691065
0.10607564187640983
-0.10172465334222082
0.13782099029926007
-0.051042350357508065
0.14674629789789967
0.008091412135606187
0.13137373547281894
0.06588541966934078
0.09424865189541497
0.11277029091469189
0.04151812186743694
0.14098295093268545
-0.018086870707227216
0.14585202091540383
-0.07469708631051042
0.1265712929293507
-0.1189391527998296
0.0863332197265116
-0.14348758396846492
0.03180031672766918
-0.1442777144833478
-0.027997999938369395
-0.12117871659054222
-0.083160480653712
-0.0780152622341955
-0.12455346545005104
-0.0219342438316891
-0.14532321165119957
0.037778589569392396
-0.14203071874504736
0.09123614244765459
-0.11522114913660006
0.12958705234810794
-0.0693335615760223
0.14648127543727216
-0.011965903365703705
0.13912151023189034
0.04738303797653109
0.1087263674971205
0.0988864192291765
0.06032859584809777
0.1340164445882826
0.0019417723345400034
0.1469563758987277
-0.05676656478771634
0.13556365301691065
-0.10607564187640983
0.10172465334222082
-0.13782099029926007
0.051042350357508065
-0.14674629789789967
-0.008091412135606187
-0.13137373547281894
-0.06588541966934078
-0.09424865189541497
-0.11277029091469189
-0.04151812186743694
-0.14098295093268545
0.018086870707227216
-0.14585202091540383
0.07469708631051042
-0.1265712929293507
0.1189391527998296
-0.0863332197265116
0.14348758396846492
-0.03180031672766918
0.1442777144833478
0.027997999938369395
0.12117871659054222
0.083160480653712
0.0780152622341955
0.12455346545005104
0.0219342438316891
0.14532321165119957
-0.037778589569392396
0.14203071874504736
-0.09123614244765459
0.11522114913660006
-0.12958705234810794
0.0693335615760223
-0.14648127543727216
0.011965903365703705
-0.13912151023189034
-0.04738303797653109
-0.1087263674971205
-0.0988864192291765
0.06032859584809795
0.13401644458828302
0.0019417723345400164
0.14695637589872818
-0.0567665647877165
0.13556365301691106
-0.10607564187641016
0.10172465334222114
-0.13782099029926048
0.051042350357508225
-0.1467462978979001
-0.008091412135606211
-0.13137373547281933
-0.06588541966934099
-0.09424865189541527
-0.11277029091469225
-0.041518121867437065
-0.1409829509326859
0.018086870707227264
-0.14585202091540425
0.07469708631051065
-0.1265712929293511
0.11893915279982997
-0.08633321972651188
0.14348758396846537
-0.031800316727669274
0.14427771448334822
0.02799799993836948
0.12117871659054259
0.08316048065371225
0.07801526223419575
0.12455346545005143
0.021934243831689175
0.14532321165120005
-0.0377785895693925
0.14203071874504777
-0.09123614244765488
0.1152211491366004
-0.12958705234810833
0.06933356157602251
-0.1464812754372726
0.011965903365703742
-0.1391215102318908
-0.04738303797653124
-0.10872636749712083
-0.0988864192291768
-0.06032859584809795
-0.13401644458828302
-0.0019417723345400164
-0.14695637589872818
0.0567665647877165
-0.13556365301691106
0.10607564187641016
-0.10172465334222114
0.13782099029926048
-0.051042350357508225
0.1467462978979001
0.008091412135606211
0.13137373547281933
0.06588541966934099
0.09424865189541527
0.11277029091469225
0.041518121867437065
0.1409829509326859
-0.018086870707227264
0.14585202091540425
-0.07469708631051065
0.1265712929293511
-0.11893915279982997
0.08633321972651188
-0.14348758396846537
0.031800316727669274
-0.14427771448334822
-0.02799799993836948
-0.12117871659054259
-0.08316048065371225
-0.07801526223419575
-0.12455346545005143
-0.021934243831689175
-0.14532321165120005
0.0377785895693925
-0.14203071874504777
0.09123614244765488
-0.1152211491366004
0.12958705234810833
-0.06933356157602251
0.1464812754372726
-0.011965903365703742
0.1391215102318908
0.04738303797653124
0.10872636749712083
0.0988864192291768
0.17818869073163993
0.39583574691219037
0.005735287969602473
0.43405558919347337
-0.16766774884542462
0.4004056368675336
-0.3133087962476051
0.30045756144930735
-0.40707298871332087
0.15076050510061384
-0.43343509532331403
-0.02389908325140027
-0.3880301470859532
-0.19460152360822178
-0.2783761771408048
-0.3330823502358823
-0.12262940440090697
-0.4164122683284757
0.053422025914015805
-0.430793726956916
0.22062797623621197
-0.3738454816365996
0.3513029205502444
-0.254996874590761
0.423810041724901
-0.09392654880982958
0.4261437993729093
0.08269589043120229
0.35791777597770846
0.2456257593929405
0.2304286588999929
0.367885554480926
0.06478576428992867
0.42923181706807034
-0.11158418853321077
0.41950699268018465
-0.26947832187388093
0.3403212924255911
-0.3827529361336846
0.2047860784312039
-0.43265231553853994
0.03534291863057337
-0.41091425073521975
-0.13995222963890463
-0.3211380739094379
-0.2920744520219529
-0.17818869073163993
-0.39583574691219037
-0.005735287969602473
-0.43405558919347337
0.16766774884542462
-0.4004056368675336
0.3133087962476051
-0.30045756144930735
0.40707298871332087
-0.15076050510061384
0.43343509532331403
0.02389908325140027
0.3880301470859532
0.19460152360822178
0.2783761771408048
0.3330823502358823
0.12262940440090697
0.4164122683284757
-0.053422025914015805
0.430793726956916
-0.22062797623621197
0.3738454816365996
-0.3513029205502444
0.254996874590761
-0.423810041724901
0.09392654880982958
-0.4261437993729093
-0.08269589043120229
-0.35791777597770846
-0.2456257593929405
-0.2304286588999929
-0.367885554480926
-0.06478576428992867
-0.42923181706807034
0.11158418853321077
-0.41950699268018465
0.26947832187388093
-0.3403212924255911
0.3827529361336846
-0.2047860784312039
0.43265231553853994
-0.03534291863057337
0.41091425073521975
0.13995222963890463
0.3211380739094379
0.2920744520219529
0.28783370000504677
0.6394057173897079
0.009264387936781545
0.7011434100135286
-0.2708388973707531
0.6467876018912523
-0.5060973830482421
0.48533838624300407
-0.6575575814176108
0.24352810394175145
-0.7001411070854072
-0.03860492790386575
-0.6267970907169398
-0.3143458562762089
-0.4496696436272241
-0.5380382160120298
-0.19808706744069898
-0.672643608459923
0.08629424974985983
-0.6958744231176708
0.3563871896917102
-0.6038841621643072
0.5674704664441486
-0.4119043335568378
0.684593460494578
-0.1517224575904995
0.6883632513605593
0.1335812279684616
0.5781556468833096
0.3967668815137983
0.3722185353405756
0.5942569076066
0.10465044760505597
0.6933514217951124
-0.18024538883865224
0.6776426123641026
-0.4352966629791692
0.5497315030889552
-0.6182726487455565
0.3307972824894365
-0.6988766587031022
0.057090508924250744
-0.663762490696153
-0.22606916250139483
-0.5187442572607368
-0.471796890460555
-0.28783370000504677
-0.6394057173897079
-0.009264387936781545
-0.7011434100135286
0.2708388973707531
-0.6467876018912523
0.5060973830482421
-0.48533838624300407
0.6575575814176108
-0.24352810394175145
0.7001411070854072
0.03860492790386575
0.6267970907169398
0.3143458562762089
0.4496696436272241
0.5380382160120298
0.19808706744069898
0.672643608459923
-0.08629424974985983
0.6958744231176708
-0.3563871896917102
0.6038841621643072
-0.5674704664441486
0.4119043335568378
-0.684593460494578
0.1517224575904995
-0.6883632513605593
-0.1335812279684616
-0.5781556468833096
-0.3967668815137983
-0.3722185353405756
-0.5942569076066
-0.10465044760505597
-0.6933514217951124
0.18024538883865224
-0.6776426123641026
0.4352966629791692
-0.5497315030889552
0.6182726487455565
-0.3307972824894365
0.6988766587031022
-0.057090508924250744
0.663762490696153
0.22606916250139483
0.5187442572607368
0.471796890460555
0.3843617630471694
0.8538371595613689
0.012371298012956363
0.9362792376882173
-0.36166757434361857
0.8636946367837176
-0.6758224711650171
0.6481017261271292
-0.8780764423841756
0.3251978186742717
-0.9349408019159179
-0.05155149710120297
-0.8370000971275268
-0.4197650501757695
-0.6004710949771406
-0.7184749988952357
-0.2645176519532482
-0.8982217274958867
0.1152339353387297
-0.9292432405387215
0.47590538757251116
-0.8064030766434442
0.7577776645189503
-0.5500407903935488
0.914179088277867
-0.20260418183246537
0.9192131182178715
0.17837909977554234
0.7720462327651323
0.5298268343654582
0.49704594173590616
0.7935472208661695
0.1397460774900558
0.9258741241479309
-0.24069257850603393
0.9048972000137206
-0.5812779838785015
0.7340897529585192
-0.825616893753298
0.4417336354520788
-0.9332523074502025
0.07623641242495377
-0.886362233345437
-0.3018838373272817
-0.6927106078538936
-0.6300189471017871
-0.3843617630471694
-0.8538371595613689
-0.012371298012956363
-0.9362792376882173
0.36166757434361857
-0.8636946367837176
0.6758224711650171
-0.6481017261271292
0.8780764423841756
-0.3251978186742717
0.9349408019159179
0.05155149710120297
0.8370000971275268
0.4197650501757695
0.6004710949771406
0.7184749988952357
0.2645176519532482
0.8982217274958867
-0.1152339353387297
0.9292432405387215
-0.47590538757251116
0.8064030766434442
-0.7577776645189503
0.5500407903935488
-0.914179088277867
0.20260418183246537
-0.9192131182178715
-0.17837909977554234
-0.7720462327651323
-0.5298268343654582
-0.49704594173590616
-0.7935472208661695
-0.1397460774900558
-0.9258741241479309
0.24069257850603393
-0.9048972000137206
0.5812779838785015
-0.7340897529585192
0.825616893753298
-0.4417336354520788
0.9332523074502025
-0.07623641242495377
0.886362233345437
0.3018838373272817
0.6927106078538936
0.6300189471017871
0.4636905270509988
1.0300613656102715
0.014924621144556229
1.1295187371103774
-0.43631246468205037
1.0419533362693383
-0.8153060683327071
0.7818640142247203
-1.059303415439422
0.3923156839053288
-1.1279040603960204
-0.062191256153103114
-1.0097492869788165
-0.5064007299022221
-0.7244028550120659
-0.8667616889607539
-0.3191116839409492
-1.0836065037512934
0.13901716910591572
-1.121030574290241
0.5741279211554307
-0.9728373203930213
0.9141760664812695
-0.66356419529128
1.102857318329411
-0.24441983799804545
1.1089303261581964
0.21519491984340103
0.9313895371394402
0.6391782630119008
0.5996316929782585
0.9573281331788797
0.16858839394157288
1.1169661029896707
-0.29036933252652986
1.0916597329423798
-0.701248460749429
0.8855991859166804
-0.9960166941988289
0.5329034309112362
-1.1258670760651046
0.09197091296895185
-1.0692993181207981
-0.3641899093414416
-0.8356797624798364
-0.7600491144533852
-0.4636905270509988
-1.0300613656102715
-0.014924621144556229
-1.1295187371103774
0.43631246468205037
-1.0419533362693383
0.8153060683327071
-0.7818640142247203
1.059303415439422
-0.3923156839053288
1.1279040603960204
0.062191256153103114
1.0097492869788165
0.5064007299022221
0.7244028550120659
0.8667616889607539
0.3191116839409492
1.0836065037512934
-0.13901716910591572
1.121030574290241
-0.5741279211554307
0.9728373203930213
-0.9141760664812695
0.66356419529128
-1.102857318329411
0.24441983799804545
-1.1089303261581964
-0.21519491984340103
-0.9313895371394402
-0.6391782630119008
-0.5996316929782585
-0.9573281331788797
-0.16858839394157288
-1.1169661029896707
0.29036933252652986
-1.0916597329423798
0.701248460749429
-0.8855991859166804
0.9960166941988289
-0.5329034309112362
1.1258670760651046
-0.09197091296895185
1.0692993181207981
0.3641899093414416
0.8356797624798364
0.7600491144533852
0.5228026035044174
1.1613753835672744
0.016827237856927156
1.2735117541087468
-0.49193433803342945
1.1747833633698779
-0.9192427067426577
0.8815374012981319
-1.1943452608682277
0.4423287709709102
-1.2716912355929761
-0.07011950586705945
-1.1384738857543955
-0.5709575774453998
-0.8167509933725423
-0.9772579795591319
-0.3597925975198065
-1.2217465492306419
0.15673932008620295
-1.2639415055001342
0.6473187490664987
-1.0968563173424375
1.030716824554127
-0.7481565152881369
1.2434514911992185
-0.2755789048919946
1.2502986966493363
0.2426283432412686
1.0501246984494002
0.7206618218648665
0.6760737861662547
1.0793699919146615
0.19008033619713935
1.2593588883150875
-0.3273861210583096
1.2308264181132222
-0.7906448365785674
0.9984969134547597
-1.1229906381152783
0.600838888964813
-1.2693945729497402
0.10369552523025315
-1.2056154586431016
-0.41061747365134843
-0.9422136749245252
-0.856941500087522
-0.5228026035044174
-1.1613753835672744
-0.016827237856927156
-1.2735117541087468
0.49193433803342945
-1.1747833633698779
0.9192427067426577
-0.8815374012981319
1.1943452608682277
-0.4423287709709102
1.2716912355929761
0.07011950586705945
1.1384738857543955
0.5709575774453998
0.8167509933725423
0.9772579795591319
0.3597925975198065
1.2217465492306419
-0.15673932008620295
1.2639415055001342
-0.6473187490664987
1.0968563173424375
-1.030716824554127
0.7481565152881369
-1.2434514911992185
0.2755789048919946
-1.2502986966493363
-0.2426283432412686
-1.0501246984494002
-0.7206618218648665
-0.6760737861662547
-1.0793699919146615
-0.19008033619713935
-1.2593588883150875
0.3273861210583096
-1.2308264181132222
0.7906448365785674
-0.9984969134547597
1.1229906381152783
-0.600838888964813
1.2693945729497402
-0.10369552523025315
1.2056154586431016
0.41061747365134843
0.9422136749245252
0.856941500087522
0.5599159647614482
1.2438205433205596
0.018021790740474275
1.3639173899615409
-0.5268563844803896
1.2581803454645313
-0.9844990509719054
0.9441170744226658
-1.2791309272652598
0.4737293557449361
-1.3619676342137865
-0.07509723653436041
-1.2192932855058
-0.6114894238672229
-0.8747315284174829
-1.0466327841097902
-0.38533400178950683
-1.3084774123560101
0.1678661258261661
-1.3536677566452964
0.6932714172848988
-1.1747213174011881
1.103886632062658
-0.8012675802341923
1.3317231717324247
-0.29514204284026835
1.3390564551166768
0.2598523457491903
1.1246722562412654
0.7718210593279885
0.7240677527115742
1.155993650961893
0.20357399544415716
1.3487598229336082
-0.3506270140835725
1.3182018542605052
-0.846772115305286
1.069379453852751
-1.202710893831801
0.6434919870824389
-1.3595079332272204
0.11105679210767681
-1.2912011878528538
-0.4397668974222328
-1.009100710804585
-0.9177751287949993
-0.5599159647614482
-1.2438205433205596
-0.018021790740474275
-1.3639173899615409
0.5268563844803896
-1.2581803454645313
0.9844990509719054
-0.9441170744226658
1.2791309272652598
-0.4737293557449361
1.3619676342137865
0.07509723653436041
1.2192932855058
0.6114894238672229
0.8747315284174829
1.0466327841097902
0.38533400178950683
1.3084774123560101
-0.1678661258261661
1.3536677566452964
-0.6932714172848988
1.1747213174011881
-1.103886632062658
0.8012675802341923
-1.3317231717324247
0.29514204284026835
-1.3390564551166768
-0.2598523457491903
-1.1246722562412654
-0.7718210593279885
-0.7240677527115742
-1.155993650961893
-0.20357399544415716
-1.3487598229336082
0.3506270140835725
-1.3182018542605052
0.846772115305286
-1.069379453852751
1.202710893831801
-0.6434919870824389
1.3595079332272204
-0.11105679210767681
1.2912011878528538
0.4397668974222328
1.009100710804585
0.9177751287949993
0.5745676377120488
1.276368377204409
0.018493378265266668
1.3996078735109196
-0.5406429666162129
1.2911039413160512
-1.0102610563849184
0.9688223792757114
-1.312602750157957
0.4861257295301177
-1.3976070972791148
-0.07706235312049683
-1.251199299219314
-0.6274906519355649
-0.8976211780801999
-1.0740206819681524
-0.3954172787922822
-1.3427171631680022
0.1722587842425717
-1.3890900315979133
0.711412686174035
-1.2054609884123437
1.132772727343782
-0.8222348525935581
1.3665712089397095
-0.3028652101686193
1.3740963869591607
0.26665206539459374
1.154102262013795
0.7920177860680048
0.7430148886649597
1.1862432633552105
0.2089010441268387
1.3840536689002119
-0.3598020915261074
1.3526960706555111
-0.8689301334329292
1.0973625781142955
-1.2341829856805404
0.6603306463356731
-1.3950830317509397
0.11396288498466377
-1.324988860840365
-0.451274554215473
-1.0355064833122976
-0.9417911274011982
-0.5745676377120488
-1.276368377204409
-0.018493378265266668
-1.3996078735109196
0.5406429666162129
-1.2911039413160512
1.0102610563849184
-0.9688223792757114
1.312602750157957
-0.4861257295301177
1.3976070972791148
0.07706235312049683
1.251199299219314
0.6274906519355649
0.8976211780801999
1.0740206819681524
0.3954172787922822
1.3427171631680022
-0.1722587842425717
1.3890900315979133
-0.711412686174035
1.2054609884123437
-1.132772727343782
0.8222348525935581
-1.3665712089397095
0.3028652101686193
-1.3740963869591607
-0.26665206539459374
-1.154102262013795
-0.7920177860680048
-0.7430148886649597
-1.1862432633552105
-0.2089010441268387
-1.3840536689002119
0.3598020915261074
-1.3526960706555111
0.8689301334329292
-1.0973625781142955
1.2341829856805404
-0.6603306463356731
1.3950830317509397
-0.11396288498466377
1.324988860840365
0.451274554215473
1.0355064833122976
0.9417911274011982
0.5676053902999865
1.260902152085265
0.018269287198320362
1.3826483100832683
-0.5340917969224896
1.2754591599463148
-0.9980193515556463
0.957082802139554
-1.2966974598134757
0.48023516525149723
-1.3806717779930193
-0.07612856024152952
-1.236038057076175
-0.6198871168932361
-0.8867443720892001
-1.0610063783026866
-0.3906258621769664
-1.3264469654039523
0.17017146119114915
-1.372257916729549
0.702792236973404
-1.19085397420539
1.1190465035334596
-0.812271530438185
1.3500119629286986
-0.2991952810126773
1.3574459555980667
0.2634209442343294
1.1401175803861334
0.7824206152226071
0.7340115039523598
1.1718691173917197
0.2063697133341043
1.3672825814912044
-0.35544223723539714
1.3363049547988468
-0.8584009873834818
1.0840654321072676
-1.2192279364677414
0.6523291770015094
-1.3781782974952879
0.11258195478780285
-1.308933483436704
-0.4458062944476112
-1.0229588703588026
-0.9303790978870364
-0.5676053902999865
-1.260902152085265
-0.018269287198320362
-1.3826483100832683
0.5340917969224896
-1.2754591599463148
0.9980193515556463
-0.957082802139554
1.2966974598134757
-0.48023516525149723
1.3806717779930193
0.07612856024152952
1.236038057076175
0.6198871168932361
0.8867443720892001
1.0610063783026866
0.3906258621769664
1.3264469654039523
-0.17017146119114915
1.372257916729549
-0.702792236973404
1.19085397420539
-1.1190465035334596
0.812271530438185
-1.3500119629286986
0.2991952810126773
-1.3574459555980667
-0.2634209442343294
-1.1401175803861334
-0.7824206152226071
-0.7340115039523598
-1.1718691173917197
-0.2063697133341043
-1.3672825814912044
0.35544223723539714
-1.3363049547988468
0.8584009873834818
-1.0840654321072676
1.2192279364677414
-0.6523291770015094
1.3781782974952879
-0.11258195478780285
1.308933483436704
0.4458062944476112
1.0229588703588026
0.9303790978870364
0.5410888219520306
1.2019971475394433
0.017415809040886743
1.3180557444698024
-0.5091408681977063
1.2158741021443298
-0.9513953257793558
0.9123711909193474
-1.2361202218108687
0.45780023281409904
-1.3161715491493564
-0.07257209618150866
-1.1782946173885906
-0.5909281263973397
-0.8453187299943612
-1.011439815636657
-0.37237716766153844
-1.2644799329917278
0.1622216367908527
-1.3081507544970843
0.6699602048881043
-1.1352213792034942
1.0667685061737033
-0.7743250029350205
1.2869440550171167
-0.2852179082569931
1.2940307571602068
0.2511148252449007
1.0868552149088833
0.7458686196373732
0.6997210152689244
1.1171234294944405
0.19672883130217056
1.3034078497802888
-0.33883720046430255
1.273877391084365
-0.8182994505748249
1.033421629889434
-1.1622698077015619
0.6218546052251835
-1.3137945554700596
0.10732251372206622
-1.2477846205653813
-0.42497976024147666
-0.9751697561844624
-0.8869149917311867
-0.5410888219520306
-1.2019971475394433
-0.017415809040886743
-1.3180557444698024
0.5091408681977063
-1.2158741021443298
0.9513953257793558
-0.9123711909193474
1.2361202218108687
-0.45780023281409904
1.3161715491493564
0.07257209618150866
1.1782946173885906
0.5909281263973397
0.8453187299943612
1.011439815636657
0.37237716766153844
1.2644799329917278
-0.1622216367908527
1.3081507544970843
-0.6699602048881043
1.1352213792034942
-1.0667685061737033
0.7743250029350205
-1.2869440550171167
0.2852179082569931
-1.2940307571602068
-0.2511148252449007
-1.0868552149088833
-0.7458686196373732
-0.6997210152689244
-1.1171234294944405
-0.19672883130217056
-1.3034078497802888
0.33883720046430255
-1.273877391084365
0.8182994505748249
-1.033421629889434
1.1622698077015619
-0.6218546052251835
1.3137945554700596
-0.10732251372206622
1.2477846205653813
0.42497976024147666
0.9751697561844624
0.8869149917311867
0.4981078648434024
1.1065174670376228
0.016032398201427867
1.2133570422946915
-0.4686976712022318
1.1192921168702188
-0.8758220002333756
0.8398977162639627
-1.1379300022400956
0.4214352380616346
-1.2116225165201067
-0.06680738985841786
-1.0846977283813433
-0.5439882240660776
-0.7781715138572135
-0.9310969041401564
-0.34279768565754326
-1.1640369824821042
0.14933569102718805
-1.2042388472656256
0.6167424527140701
-1.0450459783657575
0.9820306044678871
-0.7128171166341666
1.1847166849702848
-0.26256185220101846
1.1912404606057547
0.2311677202682089
1.0005217415860341
0.6866211433475236
0.6441392369635031
1.0283856247936798
0.18110183418601364
1.1998726913854956
-0.31192193888594594
1.172687961019402
-0.7532984892533794
0.9513326105872685
-1.0699458366144212
0.5724580828232552
-1.2094343374295289
0.09879743581999995
-1.148667848823826
-0.39122183343552747
-0.8977079278048115
-0.8164636098654994
-0.4981078648434024
-1.1065174670376228
-0.016032398201427867
-1.2133570422946915
0.4686976712022318
-1.1192921168702188
0.8758220002333756
-0.8398977162639627
1.1379300022400956
-0.4214352380616346
1.2116225165201067
0.06680738985841786
1.0846977283813433
0.5439882240660776
0.7781715138572135
0.9310969041401564
0.34279768565754326
1.1640369824821042
-0.14933569102718805
1.2042388472656256
-0.6167424527140701
1.0450459783657575
-0.9820306044678871
0.7128171166341666
-1.1847166849702848
0.26256185220101846
-1.1912404606057547
-0.2311677202682089
-1.0005217415860341
-0.6866211433475236
-0.6441392369635031
-1.0283856247936798
-0.18110183418601364
-1.1998726913854956
0.31192193888594594
-1.172687961019402
0.7532984892533794
-0.9513326105872685
1.0699458366144212
-0.5724580828232552
1.2094343374295289
-0.09879743581999995
1.148667848823826
0.39122183343552747
0.8977079278048115
0.8164636098654994
0.44253269244498267
0.9830604744205486
0.014243622402265227
1.0779796841645122
-0.4164038695615149
0.9944098237973902
-0.7781042927071131
0.7461881732655129
-1.0109682324802276
0.37441462734028463
-1.0764386838806008
-0.05935351797458941
-0.9636752199856583
-0.4832940622810854
-0.6913489216225975
-0.8272120337747944
-0.3045508684060497
-1.0341623899580186
0.13267392485193938
-1.0698788295479735
0.547930914984618
-0.9284475174476364
0.8724629304842906
-0.6332862821673335
1.0525348049848977
-0.23326715273686235
1.0583307062356824
0.2053757446468354
0.8888909639943329
0.6100130608272137
0.5722709697276752
0.9136460022664721
0.16089583792108425
1.0659998168809561
-0.2771200079148585
1.0418481566254405
-0.669251044186662
0.8451899905379989
-0.9505692346298048
0.5085874658560381
-1.0744946455450295
0.08777435243635481
-1.0205080299721891
-0.3475722097821431
-0.797548351190085
-0.7253686702391665
-0.44253269244498267
-0.9830604744205486
-0.014243622402265227
-1.0779796841645122
0.4164038695615149
-0.9944098237973902
0.7781042927071131
-0.7461881732655129
1.0109682324802276
-0.37441462734028463
1.0764386838806008
0.05935351797458941
0.9636752199856583
0.4832940622810854
0.6913489216225975
0.8272120337747944
0.3045508684060497
1.0341623899580186
-0.13267392485193938
1.0698788295479735
-0.547930914984618
0.9284475174476364
-0.8724629304842906
0.6332862821673335
-1.0525348049848977
0.23326715273686235
-1.0583307062356824
-0.2053757446468354
-0.8888909639943329
-0.6100130608272137
-0.5722709697276752
-0.9136460022664721
-0.16089583792108425
-1.0659998168809561
0.2771200079148585
-1.0418481566254405
0.669251044186662
-0.8451899905379989
0.9505692346298048
-0.5085874658560381
1.0744946455450295
-0.08777435243635481
1.0205080299721891
0.3475722097821431
0.797548351190085
0.7253686702391665
0.3787139732903222
0.8412909251868678
0.012189514867716888
0.9225216041342383
-0.3563532516972449
0.8510035572028586
-0.6658919744375773
0.63857855644137
-0.8651740373746075
0.3204193805312658
-0.9212028352606051
-0.05079400235206322
-0.8247012655851789
-0.4135970465432794
-0.5916478070605469
-0.7079177683654825
-0.26063084470852366
-0.8850233088194006
0.1135406944854053
-0.9155889935243274
0.46891246103410694
-0.7945538359696315
0.7466429228690311
-0.5419585224873846
0.9007461930549724
-0.19962712757562098
0.9057062532470357
0.17575800748852333
0.7607018295897094
0.5220415891727286
0.48974237710407775
0.7818868834016633
0.13769265662230137
0.9122693827370355
-0.23715585552750834
0.8916006923259617
-0.5727367184383517
0.7233030801258814
-0.8134853263500973
0.43524282668436337
-0.91953915143597
0.07511619894227294
-0.8733380773975149
-0.2974479734923936
-0.6825319578121191
-0.6207614847365087
-0.3787139732903222
-0.8412909251868678
-0.012189514867716888
-0.9225216041342383
0.3563532516972449
-0.8510035572028586
0.6658919744375773
-0.63857855644137
0.8651740373746075
-0.3204193805312658
0.9212028352606051
0.05079400235206322
0.8247012655851789
0.4135970465432794
0.5916478070605469
0.7079177683654825
0.26063084470852366
0.8850233088194006
-0.1135406944854053
0.9155889935243274
-0.46891246103410694
0.7945538359696315
-0.7466429228690311
0.5419585224873846
-0.9007461930549724
0.19962712757562098
-0.9057062532470357
-0.17575800748852333
-0.7607018295897094
-0.5220415891727286
-0.48974237710407775
-0.7818868834016633
-0.13769265662230137
-0.9122693827370355
0.23715585552750834
-0.8916006923259617
0.5727367184383517
-0.7233030801258814
0.8134853263500973
-0.43524282668436337
0.91953915143597
-0.07511619894227294
0.8733380773975149
0.2974479734923936
0.6825319578121191
0.6207614847365087
0.3111559375916509
0.6912147031163075
0.01001505145030451
0.7579548021136565
-0.2927841008408952
0.6991947179416425
-0.547104823835067
0.5246637923843277
-0.7108373542184517
0.2632604017895892
-0.7568712858077306
-0.04173296086377238
-0.6775844400371771
-0.33981628848866263
-0.4861049264449548
-0.5816337196111052
-0.21413742446840162
-0.7271457534392564
0.0932863948495778
-0.7522588861812621
0.38526409573386744
-0.6528149506874593
0.613450770493186
-0.44527961494326324
0.740063863493289
-0.1640160396244554
0.7441391083704813
0.14440488459982948
0.6250017366859036
0.4289156239195644
0.40237820432721094
0.6424076307027446
0.11312993629087274
0.7495314541882332
-0.1948500921180499
0.7325498105277838
-0.47056734947098067
0.59427447607529
-0.6683692899904492
0.3576007207771921
-0.7555043832458503
0.06171636897138271
-0.7175450273095528
-0.24438681856032635
-0.5607764335288711
-0.5100250728163708
-0.3111559375916509
-0.6912147031163075
-0.01001505145030451
-0.7579548021136565
0.2927841008408952
-0.6991947179416425
0.547104823835067
-0.5246637923843277
0.7108373542184517
-0.2632604017895892
0.7568712858077306
0.04173296086377238
0.6775844400371771
0.33981628848866263
0.4861049264449548
0.5816337196111052
0.21413742446840162
0.7271457534392564
-0.0932863948495778
0.7522588861812621
-0.38526409573386744
0.6528149506874593
-0.613450770493186
0.44527961494326324
-0.740063863493289
0.1640160396244554
-0.7441391083704813
-0.14440488459982948
-0.6250017366859036
-0.4289156239195644
-0.40237820432721094
-0.6424076307027446
-0.11312993629087274
-0.7495314541882332
0.1948500921180499
-0.7325498105277838
0.47056734947098067
-0.59427447607529
0.6683692899904492
-0.3576007207771921
0.7555043832458503
-0.06171636897138271
0.7175450273095528
0.24438681856032635
0.5607764335288711
0.5100250728163708
0.24418658329236356
0.5424462023184144
0.00785953568514744
0.5948219881346709
-0.2297688733823583
0.5487086974837108
-0.42935275048609656
0.41174164899812177
-0.5578455167742389
0.20659949003942626
-0.5939716744728668
-0.03275087469927153
-0.5317495484270243
-0.2666784348561478
-0.38148171630250854
-0.4564500739364176
-0.16804913459369133
-0.5706438979188159
0.07320858538741885
-0.5903519906761064
0.3023446183628265
-0.5123111375099173
0.48141921643605634
-0.3494431397463144
0.5807816737912748
-0.12871525650782037
0.583979813381165
0.11332496385602182
0.4904840955772249
0.33660113169070105
0.3157752979630578
0.5041437603164506
0.08878124847871204
0.5882115774007085
-0.1529129690301806
0.5748848526201084
-0.369288255161182
0.4663701903742117
-0.5245177532639506
0.28063516597284477
-0.5928989671067064
0.04843330128609177
-0.5631095132984115
-0.19178802335520065
-0.44008185205836986
-0.40025358631565544
-0.24418658329236356
-0.5424462023184144
-0.00785953568514744
-0.5948219881346709
0.2297688733823583
-0.5487086974837108
0.42935275048609656
-0.41174164899812177
0.5578455167742389
-0.20659949003942626
0.5939716744728668
0.03275087469927153
0.5317495484270243
0.2666784348561478
0.38148171630250854
0.4564500739364176
0.16804913459369133
0.5706438979188159
-0.07320858538741885
0.5903519906761064
-0.3023446183628265
0.5123111375099173
-0.48141921643605634
0.3494431397463144
-0.5807816737912748
0.12871525650782037
-0.583979813381165
-0.11332496385602182
-0.4904840955772249
-0.33660113169070105
-0.3157752979630578
-0.5041437603164506
-0.08878124847871204
-0.5882115774007085
0.1529129690301806
-0.5748848526201084
0.369288255161182
-0.4663701903742117
0.5245177532639506
-0.28063516597284477
0.5928989671067064
-0.04843330128609177
0.5631095132984115
0.19178802335520065
0.44008185205836986
0.40025358631565544
0.18164940143034394
0.40352351317077745
0.005846676477790341
0.44248564620318803
-0.17092412594699313
0.4081821577322376
-0.3193937565148374
0.30629293008659153
-0.4149790002643865
0.15368851636104494
-0.4418531013450219
-0.024363241850679184
-0.39556631605339043
-0.198380997894552
-0.28378268981307314
-0.339551344694946
-0.12501106448294358
-0.4244996636966043
0.054459567499107346
-0.4391604333606331
0.22491292605350427
-0.3811061616082057
0.35812578776276127
-0.25994932364018675
0.43204111373959164
-0.09575075331474996
0.4344201967111515
0.08430197750428779
0.3648691143117886
0.2503962063271325
0.23490395372296355
0.37503048309038656
0.06604400793424352
0.437568188671972
-0.11375133277495544
0.42765449256801946
-0.2747120238992371
0.34693087877396256
-0.3901866131846773
0.20876335313737393
-0.4410551187190082
0.036029334901583866
-0.41889486576713
-0.1426703268224586
-0.3273750913294343
-0.2977470072036551
-0.18164940143034394
-0.40352351317077745
-0.005846676477790341
-0.44248564620318803
0.17092412594699313
-0.4081821577322376
0.3193937565148374
-0.30629293008659153
0.4149790002643865
-0.15368851636104494
0.4418531013450219
0.024363241850679184
0.39556631605339043
0.198380997894552
0.28378268981307314
0.339551344694946
0.12501106448294358
0.4244996636966043
-0.054459567499107346
0.4391604333606331
-0.22491292605350427
0.3811061616082057
-0.35812578776276127
0.25994932364018675
-0.43204111373959164
0.09575075331474996
-0.4344201967111515
-0.08430197750428779
-0.3648691143117886
-0.2503962063271325
-0.23490395372296355
-0.37503048309038656
-0.06604400793424352
-0.437568188671972
0.11375133277495544
-0.42765449256801946
0.2747120238992371
-0.34693087877396256
0.3901866131846773
-0.20876335313737393
0.4410551187190082
-0.036029334901583866
0.41889486576713
0.1426703268224586
0.3273750913294343
0.2977470072036551
0.12663924730935064
0.2813216755859658
0.004076086695460871
0.30848463435125156
-0.11916198174336516
0.2845695103495246
-0.2226695194250629
0.21353610756166239
-0.2893080176915462
0.1071459519205568
-0.30804364746058854
-0.016985151537473132
-0.27577421192408064
-0.13830389781646288
-0.19784280022046458
-0.23672264470155713
-0.08715309264331055
-0.2959454722685934
0.03796719715327203
-0.30616641888668794
0.15680097727424416
-0.26569312682005203
0.2496720597328008
-0.18122705841665876
0.30120309243989474
-0.06675388541664456
0.3028617011357255
0.058772222169565756
0.25437325770981395
0.17456697819367478
0.16376635240867535
0.26145738836822313
0.046043440761309576
0.30505636475319453
-0.07930322395573529
0.29814490232737634
-0.1915190672773463
0.24186738304862357
-0.27202368196539517
0.14554209206811555
-0.3074873234742248
0.025118320330621863
-0.29203801435504884
-0.09946447750395433
-0.2282338109971001
-0.2075782060605455
-0.12663924730935064
-0.2813216755859658
-0.004076086695460871
-0.30848463435125156
0.11916198174336516
-0.2845695103495246
0.2226695194250629
-0.21353610756166239
0.2893080176915462
-0.1071459519205568
0.30804364746058854
0.016985151537473132
0.27577421192408064
0.13830389781646288
0.19784280022046458
0.23672264470155713
0.08715309264331055
0.2959454722685934
-0.03796719715327203
0.30616641888668794
-0.15680097727424416
0.26569312682005203
-0.2496720597328008
0.18122705841665876
-0.30120309243989474
0.06675388541664456
-0.3028617011357255
-0.058772222169565756
-0.25437325770981395
-0.17456697819367478
-0.16376635240867535
-0.26145738836822313
-0.046043440761309576
-0.30505636475319453
0.07930322395573529
-0.29814490232737634
0.1915190672773463
-0.24186738304862357
0.27202368196539517
-0.14554209206811555
0.3074873234742248
-0.025118320330621863
0.29203801435504884
0.09946447750395433
0.2282338109971001
0.2075782060605455
0.08130155690625611
0.18060665001225834
0.0026168206260443975
0.19804508939593202
-0.07650120200181515
0.1826917383909548
-0.14295235473567725
0.1370887648917908
-0.18573382867894433
0.06878699054539412
-0.1977619787367335
-0.010904354642222287
-0.17704521513188187
-0.08879018517233356
-0.127013765656119
-0.1519743679634302
-0.05595170748123312
-0.1899950304980794
0.02437468877549048
-0.19655681044199302
0.10066518751234911
-0.17057322535244265
0.1602878065334939
-0.11634656961300077
0.19337038777973128
-0.04285555172842773
0.1944352035626291
0.03773137685786975
0.1633059444565822
0.1120708422792267
0.1051369121545688
0.16785390935761393
0.029559583610530824
0.1958441630501242
-0.050912143843820215
0.19140705000928715
-0.12295397104537722
0.15527725586255103
-0.17463739977176823
0.09343705787848415
-0.19740482242700608
0.01612579506857853
-0.18748646843168598
-0.06385553491316182
-0.14652459302276935
-0.13326383164063466
-0.08130155690625611
-0.18060665001225834
-0.0026168206260443975
-0.19804508939593202
0.07650120200181515
-0.1826917383909548
0.14295235473567725
-0.1370887648917908
0.18573382867894433
-0.06878699054539412
0.1977619787367335
0.010904354642222287
0.17704521513188187
0.08879018517233356
0.127013765656119
0.1519743679634302
0.05595170748123312
0.1899950304980794
-0.02437468877549048
0.19655681044199302
-0.10066518751234911
0.17057322535244265
-0.1602878065334939
0.11634656961300077
-0.19337038777973128
0.04285555172842773
-0.1944352035626291
-0.03773137685786975
-0.1633059444565822
-0.1120708422792267
-0.1051369121545688
-0.16785390935761393
-0.029559583610530824
-0.1958441630501242
0.050912143843820215
-0.19140705000928715
0.12295397104537722
-0.15527725586255103
0.17463739977176823
-0.09343705787848415
0.19740482242700608
-0.01612579506857853
0.18748646843168598
0.06385553491316182
0.14652459302276935
0.13326383164063466
0.0467092642000652
0.10376189648420052
0.0015034123654854804
0.11378060588416966
-0.04395137057517255
0.10495981873399601
-0.08212879998189045
0.07876005800940017
-0.10670755646976897
0.03951941189289776
-0.11361795351831641
-0.00626475557537048
-0.10171578557207318
-0.05101162112269594
-0.0729717826181052
-0.08731211522833153
-0.03214530184457731
-0.10915569656884817
0.014003714333804342
-0.11292556180496358
0.05783403194461585
-0.09799750646388203
0.09208834108865371
-0.06684327909108899
0.1110949024221885
-0.024621315560177888
0.11170665899389995
0.021677381311634495
0.09382231774305307
0.06438679381232645
0.06040312134082775
0.09643520859309986
0.016982533336971768
0.11251613255692751
-0.029249978331100466
0.10996692817269925
-0.0706393547251217
0.0892096860667488
-0.10033245063876801
0.0536813363556518
-0.11341276054211037
0.00926457070388996
-0.1077144807695427
-0.03668619844924336
-0.08418111765312229
-0.07656256235772563
-0.0467092642000652
-0.10376189648420052
-0.0015034123654854804
-0.11378060588416966
0.04395137057517255
-0.10495981873399601
0.08212879998189045
-0.07876005800940017
0.10670755646976897
-0.03951941189289776
0.11361795351831641
0.00626475557537048
0.10171578557207318
0.05101162112269594
0.0729717826181052
0.08731211522833153
0.03214530184457731
0.10915569656884817
-0.014003714333804342
0.11292556180496358
-0.05783403194461585
0.09799750646388203
-0.09208834108865371
0.06684327909108899
-0.1110949024221885
0.024621315560177888
-0.11170665899389995
-0.021677381311634495
-0.09382231774305307
-0.06438679381232645
-0.06040312134082775
-0.09643520859309986
-0.016982533336971768
-0.11251613255692751
0.029249978331100466
-0.10996692817269925
0.0706393547251217
-0.0892096860667488
0.10033245063876801
-0.0536813363556518
0.11341276054211037
-0.00926457070388996
0.1077144807695427
0.03668619844924336
0.08418111765312229
0.07656256235772563
0.02282587664676922
0.050706348951219234
0.0007346873428965618
0.05560229044890618
-0.021478149578813756
0.05129174942743169
-0.04013469040112167
0.03848845404874622
-0.0521458336578487
0.01931234063453497
-0.055522805513682855
-0.0030614598717092784
-0.049706455759029704
-0.024928351821409327
-0.03565984044624284
-0.04266767216529208
-0.015708761575320657
-0.05334219041646177
0.0068433331471653945
-0.05518444762877712
0.02826232658041462
-0.04788940764843857
0.045001717545623106
-0.03266496420632196
0.054289841259588884
-0.01203194101818062
0.05458879437484084
0.010593299644477352
0.04584907701273374
0.03146452932647729
0.02951778882450568
0.0471259441451121
0.008299021997842191
0.054984367801545815
-0.014293875288779217
0.05373862296230862
-0.03452002991219783
0.043594976815194024
-0.049030447838769066
0.02623298788521969
-0.05542253183898738
0.0045274091059642274
-0.052637897282760984
-0.017927806288161485
-0.041137616711475714
-0.03741458218336872
-0.02282587664676922
-0.050706348951219234
-0.0007346873428965618
-0.05560229044890618
0.021478149578813756
-0.05129174942743169
0.04013469040112167
-0.03848845404874622
0.0521458336578487
-0.01931234063453497
0.055522805513682855
0.0030614598717092784
0.049706455759029704
0.024928351821409327
0.03565984044624284
0.04266767216529208
0.015708761575320657
0.05334219041646177
-0.0068433331471653945
0.05518444762877712
-0.02826232658041462
0.04788940764843857
-0.045001717545623106
0.03266496420632196
-0.054289841259588884
0.01203194101818062
-0.05458879437484084
-0.010593299644477352
-0.04584907701273374
-0.03146452932647729
-0.02951778882450568
-0.0471259441451121
-0.008299021997842191
-0.054984367801545815
0.014293875288779217
-0.05373862296230862
0.03452002991219783
-0.043594976815194024
0.049030447838769066
-0.02623298788521969
0.05542253183898738
-0.0045274091059642274
0.052637897282760984
0.017927806288161485
0.041137616711475714
0.03741458218336872
0.00855665283286938
0.01900810343944991
0.00027540955517951413
0.02084342710889922
-0.008051435319762903
0.019227550373325082
-0.015045144492432926
0.0144280258964591
-0.019547717802721104
0.007239546447966171
-0.020813630882157343
-0.0011476382567626334
-0.018633277138234164
-0.009344800006251576
-0.013367673868385768
-0.015994674095321713
-0.005888685955610919
-0.019996191681999596
0.002565335249380211
-0.02068679190027701
0.010594594921374602
-0.01795212696365148
0.016869629144133907
-0.01224499557396682
0.020351434085036167
-0.0045103696910017465
0.02046350154514302
0.003971071464857889
0.017187275686122785
0.011794992944308694
0.011065225457660394
0.017665930194536134
0.003111024000821135
0.020611788707761244
-0.005358292712044676
0.020144800899466048
-0.012940397265344497
0.016342289395373702
-0.018379864523443788
0.009833864152352906
-0.020776041656739064
0.0016971732806411455
-0.019732175892774508
-0.0067205311251186065
-0.015421107807553389
-0.014025467480797036
-0.00855665283286938
-0.01900810343944991
-0.00027540955517951413
-0.02084342710889922
0.008051435319762903
-0.019227550373325082
0.015045144492432926
-0.0144280258964591
0.019547717802721104
-0.007239546447966171
0.020813630882157343
0.0011476382567626334
0.018633277138234164
0.009344800006251576
0.013367673868385768
0.015994674095321713
0.005888685955610919
0.019996191681999596
-0.002565335249380211
0.02068679190027701
-0.010594594921374602
0.01795212696365148
-0.016869629144133907
0.01224499557396682
-0.020351434085036167
0.0045103696910017465
-0.02046350154514302
-0.003971071464857889
-0.017187275686122785
-0.011794992944308694
-0.011065225457660394
-0.017665930194536134
-0.003111024000821135
-0.020611788707761244
0.005358292712044676
-0.020144800899466048
0.012940397265344497
-0.016342289395373702
0.018379864523443788
-0.009833864152352906
0.020776041656739064
-0.0016971732806411455
0.019732175892774508
0.0067205311251186065
0.015421107807553389
0.014025467480797036
0.0018831837689672517
0.004183382518280684
0.00006061328118165876
0.004587308190224692
-0.0017719933959249618
0.004231679312844543
-0.003311198019052462
0.0031753799899509987
-0.004302143093269811
0.00159330951387011
-0.0045807505126289364
-0.00025257700411534904
-0.004100889185850506
-0.002056642479220084
-0.0029420133023382224
-0.0035201744460783614
-0.0012960065143174865
-0.004400845091207459
0.0005645896588248458
-0.004552835261582192
0.0023317025458919997
-0.0039509788204239865
0.0037127381948575127
-0.002694929590620936
0.004479028317816531
-0.000992660934133985
0.00450369259087105
0.0008739699359196316
0.0037826471678900713
0.0025958911389369517
0.002435280873121685
0.0038879914443020365
0.0006846871104444815
0.0045363282468037225
-0.0011792753617321015
0.004433551626311547
-0.002847976489179712
0.003596679068117943
-0.004045117082862806
0.0021642777520202087
-0.0045724777194493605
0.0003735209593815594
-0.004342739397458863
-0.0014790824614323553
-0.003393941590235138
-0.0030867832583500797
-0.0018831837689672517
-0.004183382518280684
-0.00006061328118165876
-0.004587308190224692
0.0017719933959249618
-0.004231679312844543
0.003311198019052462
-0.0031753799899509987
0.004302143093269811
-0.00159330951387011
0.0045807505126289364
0.00025257700411534904
0.004100889185850506
0.002056642479220084
0.0029420133023382224
0.0035201744460783614
0.0012960065143174865
0.004400845091207459
-0.0005645896588248458
0.004552835261582192
-0.0023317025458919997
0.0039509788204239865
-0.0037127381948575127
0.002694929590620936
-0.004479028317816531
0.000992660934133985
-0.00450369259087105
-0.0008739699359196316
-0.0037826471678900713
-0.0025958911389369517
-0.002435280873121685
-0.0038879914443020365
-0.0006846871104444815
-0.0045363282468037225
0.0011792753617321015
-0.004433551626311547
0.002847976489179712
-0.003596679068117943
0.004045117082862806
-0.0021642777520202087
0.0045724777194493605
-0.0003735209593815594
0.004342739397458863
0.0014790824614323553
0.003393941590235138
0.0030867832583500797
0.00007040200232473233
0.00015639392747036942
2.266001031328462e-6
0.00017149451221617793
-0.00006624519881441738
0.00015819948203131735
-0.000123787691077447
0.00011871019340668831
-0.00016083373967258285
0.00005956517996170785
-0.00017124935630471086
-9.4424809325191e-6
-0.000153309950283847
-0.00007688668041282035
-0.00010998588176245629
-0.00013160018348723447
-0.00004845063723328776
-0.00016452367073654516
0.000021106937691431332
-0.00017020575684220795
0.00008716968081479227
-0.00014770561677737926
0.0001387990950924697
-0.0001007487651658835
0.00016744651650029433
-0.000037110195268355165
0.0001683685795711089
0.00003267298416346432
0.00014141261150178803
0.00009704625592563156
0.0000910419113185711
0.00014535086124409526
0.0000255967284423132
0.00016958864930763867
-0.00004408669410085953
0.00016574639025992698
-0.00010647035659295754
0.0001344602753526381
-0.00015122493458389298
0.00008091057805402253
-0.00017094008154658149
0.00001396391785233897
-0.00016235141476568355
-0.00005529485151910437
-0.00012688102333038696
-0.00011539804330911596
-0.00007040200232473233
-0.00015639392747036942
-2.266001031328462e-6
-0.00017149451221617793
0.00006624519881441738
-0.00015819948203131735
0.000123787691077447
-0.00011871019340668831
0.00016083373967258285
-0.00005956517996170785
0.00017124935630471086
9.4424809325191e-6
0.000153309950283847
0.00007688668041282035
0.00010998588176245629
0.00013160018348723447
0.00004845063723328776
0.00016452367073654516
-0.000021106937691431332
0.00017020575684220795
-0.00008716968081479227
0.00014770561677737926
-0.0001387990950924697
0.0001007487651658835
-0.00016744651650029433
0.000037110195268355165
-0.0001683685795711089
-0.00003267298416346432
-0.00014141261150178803
-0.00009704625592563156
-0.0000910419113185711
-0.00014535086124409526
-0.0000255967284423132
-0.00016958864930763867
0.00004408669410085953
-0.00016574639025992698
0.00010647035659295754
-0.0001344602753526381
0.00015122493458389298
-0.00008091057805402253
0.00017094008154658149
-0.00001396391785233897
0.00016235141476568355
0.00005529485151910437
0.00012688102333038696
0.00011539804330911596
