0.005640211659875341
-0.014397550949553157
-0.000747452235119862
-0.024158737767133495
-0.008618323454148032
-0.030953283052083457
-0.016828010256667476
-0.03414959133721511
-0.024135187020940255
-0.03358220371587069
-0.029373756385124863
-0.029565078173176416
-0.03161644036993171
-0.022841105861134907
-0.0303074987576595
-0.014474956645775687
-0.02534639550455303
-0.005703958074193716
-0.017110820349664487
0.0022326710599659717
-0.0064156348318913144
0.008263045013754897
0.005587051726224359
0.011627375204030267
0.01755352585741524
0.011978722933325787
0.028120502240153982
0.009426196890386656
0.03608063231905577
0.004514885949147519
0.04053807906772369
-0.0018545809904035064
0.041023401530797775
-0.008555751885040467
0.03755244118878413
-0.014397550949553157
0.030621410942735752
-0.018294880978744786
0.021138944359937066
-0.01942525608531358
0.010304314128147368
-0.017349967324073037
-0.0005517648306842225
-0.012083073703195803
-0.010142341546919545
-0.004098569248186034
-0.01739193565055242
0.005725550558441296
-0.021574302604911708
0.016219044045945638
-0.022401906439104276
0.026072139509512364
-0.020055309415113253
0.034008768643672055
-0.01514883098463912
0.03895704570547622
-0.008637452993154947
0.04019403162360647
-0.00167788898079008
0.03744523185831616
0.004537080049897949
0.030925326903061524
0.008948307934240922
0.021314509962289584
0.010780811253638592
0.009673445976366359
0.009654538352942145
-0.0026918950966517696
0.13899327571262002
-0.124483658707187
0.08222816712755385
-0.19230135218907987
0.00961873971038854
-0.23503354561663786
-0.06878523448315249
-0.2477647156109213
-0.14199830947560105
-0.22957183653695948
-0.19959651491793912
-0.18362192014392792
-0.23314342861310225
-0.11672011615388656
-0.23735195127681527
-0.03837022863483021
-0.21082411697950165
0.040524774318929105
-0.15626814659868804
0.10914621110939343
-0.08016246797668689
0.15822637645350285
0.008088935412606958
0.18130019633574052
0.09739680414717472
0.17557280515770962
0.1764560183823063
0.14228606355801982
0.2352466585427204
0.08653488933381606
0.2663648617882045
0.01655875011201226
0.26600449714975105
-0.05739529933570854
0.23445770040894096
-0.124483658707187
0.17606712858083687
-0.17475981018249462
0.09863666463577117
-0.2005478177777409
0.012380255246228936
-0.1975091720401946
-0.07144924834767978
-0.16525786949582325
-0.14206634605391688
-0.10743966464386666
-0.19059127291381103
-0.03126386753541041
-0.21122687136890891
0.05344990304883182
-0.2020157711256642
0.13558196460939959
-0.16507649245252554
0.20420340139986393
-0.1062875478845933
0.2500465081371649
-0.03446322028668432
0.2667564449542167
0.03986663528315243
0.25175506065777087
0.105906957254385
0.206600030599156
0.15408116881333897
0.13679043290454274
0.1773469368628219
0.0510444779509092
0.17216553569646803
-0.039853757329123315
0.39896646184652645
-0.318711691581695
0.25289853048118904
-0.4844224998235403
0.06482193871019018
-0.5861774037182865
-0.13945905863789482
-0.6116518858918842
-0.3316980164821415
-0.5587252404526957
-0.4850435173628569
-0.43572204309036955
-0.57769586031217
-0.2602478053781702
-0.595888334290213
-0.05677742900382198
-0.5357891751905459
0.14667669562064956
-0.4040658829481298
0.3223660545725693
-0.21703409033017387
0.4465628263971353
0.0014957472137124353
0.5027644558752872
0.22338473389532237
0.4839131901364135
0.41991903125419217
0.3933311306253932
0.5656451347550467
0.2442451345969449
0.6417704075938693
0.057966630875152705
0.6386708742780609
-0.13902667232264782
0.5571686128985587
-0.318711691581695
0.408406989277466
-0.4553529308501852
0.21234105119824329
-0.5290281950778588
-0.004952878904172273
-0.5283691853417127
-0.21478521613120002
-0.45214514047342697
-0.3897054215891993
-0.3094740011580571
-0.5071790936219256
-0.11863104714298238
-0.5525942605974787
0.09538545668312232
-0.5211921222494094
0.3042039841865475
-0.41866293588926634
0.4798933431384672
-0.26032816402290837
0.5987257120840797
-0.06902101947653197
0.6443812141104751
0.12804663812166472
0.6101612320687257
0.30300623090325074
0.49991123060466186
0.43113895502132416
0.3275278351471163
0.4942512951058162
0.11511583951558042
0.48316241548178396
-0.10995710334929273
0.7164084449612906
-0.5508023474526854
0.46351347520215463
-0.8322418218044056
0.13711776810286344
-1.0033201156494045
-0.21813709838377332
-1.0429004555057662
-0.5533598186520086
-0.9474691761429834
-0.8220434639464229
-0.7315478780993439
-0.986388497400278
-0.42567659256811863
-1.0224593112469351
-0.0722422322271271
-0.9234761134995283
0.28028268237481735
-0.7007955588666792
0.5839116796448153
-0.38244547136617485
0.7976379810351988
-0.009409219721692008
0.8929726937127989
0.3698408119185501
0.8577795881999897
0.7058247056159934
0.6978889890835307
0.9546782965180262
0.4362736711897558
1.084025771077956
0.10989931031811026
1.0773102034689201
-0.23532354860359614
0.9359985973967655
-0.5508023474526854
0.6793646880017138
-0.79189223717712
0.341879487099613
-0.9239950031053226
-0.03143778794565456
-0.9273011366125908
-0.3910807378683488
-0.7995322470595205
-0.689710832281005
-0.5563111535147411
-0.8885087439089702
-0.22910754896481914
-0.9623656135410587
0.13896520737354084
-0.9032148903800107
0.49893610193265603
-0.7210567819861968
0.802565099202654
-0.44253916907205143
1.0088454206358668
-0.10728897321300002
1.0895417373160983
0.23750818025313225
1.0330163127845924
0.5435456248323336
0.8458259181669934
0.7679789860799074
0.551872990082931
0.8792640520812065
0.18922442286219202
0.8614589906693609
-0.19497396397631053
1.0067037918116608
-0.7641707572289888
0.655625496684382
-1.1522861619542966
0.20214631030201174
-1.3873688903707553
-0.29177707913583883
-1.4401714744606269
-0.7582781929776999
-1.3058909976014927
-1.1327859876905215
-1.0047384653942488
-1.362798910847554
-0.5791385124642657
-1.4150409849043417
-0.08794004743864603
-1.280031220895185
0.40157824733108016
-0.9734466728683361
0.8228262718421304
-0.5340922323543421
1.1189121461684037
-0.01874838839550421
1.2503257740932903
0.505410224643723
1.2002586248026483
0.969804539335744
0.9768418208929879
1.313637729715124
0.6120013561345492
1.492040701312447
0.15708664007102663
1.482078532232408
-0.324135209175602
1.2858084798753058
-0.7641707572289888
0.9299778970466117
-1.1010008101022575
0.4624036810179261
-1.2865446478139986
-0.05447749068165916
-1.2932417898540727
-0.5520173396605758
-1.117859385131684
-0.9645878354875411
-0.7820081161047826
-1.2383912461005413
-0.32929424126458534
-1.3386603614257087
0.18050999867071832
-1.2542786892090358
0.6794923240002163
-0.9991992045544854
1.1007403485112666
-0.6104728558329752
1.3873621922777681
-0.143156053142517
1.5001700452929707
0.33721207244074247
1.4229889740921144
0.7635436860186198
1.1648734333627966
1.0763381412609443
0.7589310407411034
1.2317833305965329
0.2579108826277832
1.2077261318701784
-0.27284985732356304
1.1882553130981086
-0.9042495423663381
0.772872313739455
-1.3640582889770356
0.2364174361843938
-1.6427635292345983
-0.34780059523738543
-1.7057384480809084
-0.8994831809917397
-1.5472829198878666
-1.34223418068363
-1.1912978215709118
-1.613941940644683
-0.6879719324762663
-1.6752466745635137
-0.10693177339637158
-1.5149469450833135
0.4722180150200675
-1.1516119815594548
0.9706842672070746
-0.6311786931230537
1.3211463537099402
-0.020854341835458937
1.476848205229566
0.5998552800777758
1.4178933714547801
1.1497840464504907
1.1538935998120576
1.556976707915562
0.7226145415719727
1.768327989419879
0.18480340315018667
1.7566904463851691
-0.3841004549768763
1.5244933140009063
-0.9042495423663381
1.1033852237183963
-1.3022747184395391
0.5499500344966891
-1.5213003535530345
-0.06192528518635759
-1.5287319500240903
-0.6510003000161243
-1.3207608434512246
-1.1396055152726847
-0.9229741043842106
-1.46406776697268
-0.3869840169094718
-1.5832307778605947
0.21647055808110446
-1.483922816350792
0.8070216838881037
-1.1826361102919762
1.3054879360751106
-0.7231945898259732
1.644548685187416
-0.17072851550746215
1.7778361207963604
0.39722661466683035
1.6862170886414813
0.9013011654748754
1.3804156762486992
1.2711013978645342
0.8996210396287905
1.4547953911075837
0.30626657883175057
1.426177536406228
-0.3223168844393798
1.2004803510741882
-0.9304877839402679
0.773423270057435
-1.4077277912720612
0.2225261498740467
-1.6984700333661766
-0.37681338706177103
-1.7669484329783594
-0.942029085260246
-1.6071722789247203
-1.3945923261659985
-1.2436243685691473
-1.6706925368491066
-0.7278555732888587
-1.7299467457404822
-0.13143911754379498
-1.5609588928555616
0.4637610216416185
-1.1829744907377482
0.9766910665413181
-0.6434032297387895
1.3380769723481034
-0.01153996514144369
1.4997802707855825
0.6306721186300785
1.4412766651892503
1.1995928292346818
1.1723831823583446
1.6210756717128407
0.7318670887345856
1.8403901592161975
0.1821266661545155
1.8295387849154654
-0.3993349189599399
1.5909830007466153
-0.9304877839402679
1.1572768700407177
-1.3359731176886598
0.586659026202403
-1.5574042055480108
-0.04480134276245512
-1.5613752785019652
-0.6534441449540274
-1.3440923450079685
-1.1592619038755192
-0.9319965268319703
-1.4966305278577374
-0.378291936125216
-1.623080623000055
0.24415634463807726
-1.5249278540042142
0.8525978558542212
-1.2190055295890956
1.365527900753921
-0.750269352479217
1.7136724345299759
-0.18560197413281299
1.849343907949225
0.39534169633959926
1.7529045069264273
0.911007888928463
1.4354631162750964
1.2890636274135248
0.9374402432109797
1.4762572828878413
0.32319249397268107
1.4456851849321826
-0.3275802453765385
1.0174858291102213
-0.8254691085809501
0.6394370005967844
-1.2575745697647531
0.1531153552648635
-1.5239339237803164
-0.37467286376935194
-1.5925306760395919
-0.8708132295744075
-1.4577830278512003
-1.2658200844708656
-1.1411723236632665
-1.5033053876845242
-0.6882300802913405
-1.5476977622644965
-0.1622943236141767
-1.3891657156323496
0.36411831194995137
-1.0450760694330226
0.8191569639726225
-0.5577861811284237
1.1413661410419604
0.010936559408554106
1.2879856274144421
0.5881190510716665
1.2406997451772321
1.0993072708836034
1.008060380818347
1.4785025933789449
0.6242582564081665
1.676971741129669
0.1444109034670628
1.6697440593519306
-0.36299306125533437
1.4589214966326292
-0.8254691085809501
1.073356387012318
-1.176460978710475
0.5647418562980832
-1.3644689677300839
0.0006433050804398877
-1.3601447428145614
-0.544588334896094
-1.1603897416911442
-0.9997956614886649
-0.7888990562444328
-1.3065405790619673
-0.2930730752304629
-1.4268931575658488
0.2622898212199859
-1.3484351707814697
0.803670892737625
-1.085806614283903
1.258709544760296
-0.6785907858270719
1.5659502858761232
-0.1858282492140027
1.6831426324753198
0.3220946280894659
1.5929730125960657
0.7730823762052899
1.3054536669784031
1.1031864245291527
0.8566441896331969
1.265345240096449
0.30387585951729534
1.2358246729363969
-0.2818794702010562
0.6544868912310384
-0.5991920981216655
0.3815002726545514
-0.9282999573975158
0.03273521246475217
-1.1365697557095962
-0.34345953388216477
-1.2002530952380304
-0.6942471490564156
-1.1148252391674467
-0.9695077755065552
-0.8954573974358373
-1.1287009251525382
-0.574844029313732
-1.1464552885004815
-0.19868281150643394
-1.0161271062059518
0.18057871547005203
-0.7508420357843112
0.5108824927981174
-0.3818748797499798
0.7476191650731935
0.045419188633917085
0.8596528209401103
0.47757767190793554
0.8334975780439886
0.8601065647475955
0.6750829116295645
1.1447082357153011
0.40887121688757666
1.2956896984554491
0.0744495629264235
1.2946897020763979
-0.2789405017225764
1.1430894031339582
-0.5991920981216655
0.8617833982931051
-0.8385194814313891
0.4883434860314362
-0.960066170206557
0.07195869429823049
-0.9430370181096673
-0.3331655357837445
-0.7856558554236843
-0.6750589784119477
-0.5055441756449088
-0.9109120448686443
-0.13746499659436323
-1.012742864136398
0.27126761376044695
-0.971044554003021
0.6670969351953909
-0.7959245879872422
0.9974007125234562
-0.5155873041140635
1.2175695903400743
-0.17236969164997706
1.2970318536594792
0.18312887481332799
1.2234107998349169
0.4990249514749244
1.0042522953733266
0.7292900075349059
0.6660872940159396
0.840081424888765
0.25095314842946237
0.8144065764378441
-0.18916002575644997
0.16555451678719324
-0.2875699351675521
0.037069596019428885
-0.4728150350996084
-0.12281097142253602
-0.5991368395614143
-0.29113866738107474
-0.6542398966381076
-0.4429716587261503
-0.6351169870344079
-0.55481852926384
-0.5483042454788741
-0.6079125942859469
-0.40886378849714905
-0.5908711212341746
-0.23823583500856374
-0.5013760683045243
-0.06125427321772292
-0.34664446333811794
0.09726823755901731
-0.14261953856614623
0.21592235383770247
0.08801378434603474
0.2795934984375554
0.31872678432547796
0.281472168070216
0.5225724771727848
0.22391265052942927
0.6756815175981261
0.11802625233993597
0.7603612106626996
-0.017933001863106035
0.7673833396466313
-0.1611683075238342
0.697155288715463
-0.2875699351675521
0.5596188545961152
-0.37513364958687223
0.3728919855304942
-0.40710049096366946
0.16083741827943054
-0.37438815248463664
-0.05011394786977311
-0.27697986282718545
-0.23445749137391517
-0.12407767144464124
-0.37095774027710154
0.06700570818905266
-0.4453916644636571
0.27307141936251134
-0.45232613718927794
0.46807878353607735
-0.3956943944533644
0.6266012943128176
-0.28809899533666405
0.7272296082087775
-0.14894106966281087
0.755462995123757
-0.0016342535644468803
0.7056987421044487
0.12971476631640758
0.5820497747366515
0.22370543193762066
0.39787799649340677
0.26465825370966933
0.17410334673463865
0.24483408106994486
-0.06348692201109826
-0.36690014539126004
0.05457889639261328
-0.33680237906811133
0.028093106445116124
-0.28951611069986155
-0.00747672440984784
-0.22997375804389317
-0.052436463047054155
-0.16384882788899713
-0.10546966860591966
-0.09687031753409953
-0.1636534381548822
-0.03415800659409672
-0.2227087889777538
0.020335301045540405
-0.2774566783804949
0.06420380968676107
-0.3224222235115274
0.09674495120635988
-0.35250876119683705
0.11887643784109284
-0.36365293780676244
0.13283140673872768
-0.35337348767949994
0.14167898947901048
-0.3211395845343459
0.14874111219460526
-0.26850788593369207
0.15699003542946877
-0.19900753664706997
0.1685132373212505
-0.11778541861406883
0.1841224634751631
-0.03105540796945458
0.20316345621342025
0.05457889639261328
0.22355480641821018
0.1328420183647536
0.24205236679073122
0.19845400086647624
0.25470408449614595
0.24766335172335305
0.25743325707978687
0.27857969639662006
0.24666975373198624
0.291267136571072
0.21994120587322497
0.28759122091641276
0.17634061079193775
0.2708451118823404
0.1168026429965662
0.24520958726808986
0.044146117896554524
0.21512304958278017
-0.03712887190530476
0.18464885245607288
-0.12126780572859425
0.15692652221466663
-0.2018610817870754
0.13378099019160813
-0.27254097277417877
0.1155414790688475
-0.3276878071105705
0.10109227812333701
-0.36305524016934226
0.08814530666225509
-0.37623472201115865
0.07369350395018268
-0.8487552472880324
0.3646158816483668
-0.6749689986832605
0.4821044781725845
-0.439990872378756
0.5288804976967083
-0.17401642214706184
0.4932156428310074
0.08954061629022547
0.37489073508597304
0.3184756425354449
0.18539680817924126
0.486027150759325
-0.05346393858442608
0.5743494427877653
-0.31239358404614637
0.5767599071057664
-0.5584544798847482
0.49846290302785556
-0.7594484572082013
0.35565856882204205
-0.8882301656328975
0.17316332700647177
-0.926373203270535
-0.01913002533646249
-0.8666939064531534
-0.19046814399210632
-0.7142907486457
-0.3135534285808059
-0.4859566152590322
-0.3683722913164907
-0.20803989551585172
-0.3450135534274015
0.08696113235772346
-0.24509239765706797
0.3646158816483668
-0.08158465621749417
0.5930272357160511
0.12290797082521598
0.7469486713126827
0.3392280768125536
0.8110031824109442
0.5356528451623421
0.7815757671136206
0.6822637844184669
0.6671301616538319
0.7551028367972108
0.48691288476000416
0.7395496232132093
0.26822482455969276
0.6324588879101573
0.04263325045245375
0.4427639222234644
-0.15836072687099945
0.190458388396598
-0.3076117570270583
-0.09591235903141418
-0.38599637992610475
-0.3829181672194846
-0.3849605529785629
-0.636580372864223
-0.3076057166180526
-0.8267979275404214
-0.1681690756790957
-0.9312711345204627
0.010028278100122481
-0.938397895893168
0.19788388990118977
-1.1934768311701192
0.5849472677568384
-0.9175377753660656
0.8043329466482612
-0.5490588216433465
0.9092233154587686
-0.1361929956839962
0.879786408982205
0.26792564841646294
0.714724600645995
0.6122686593549025
0.43162942816688593
0.8546839723646921
0.06476584494030407
0.9674405304455347
-0.33942030524688577
0.9408029596894618
-0.7284694519994666
0.784159327126245
-1.0509207871947843
0.5245560411897142
-1.2632254712501823
0.20284447965235378
-1.335628145221088
-0.13203340436840727
-1.2562224179303272
-0.429842022721856
-1.0326313568616652
-0.6460073043537389
-0.6910835554408824
-0.7477849192851461
-0.2730059626934462
-0.7188034731815518
0.1704109697399525
-0.5613649721003962
0.5849472677568384
-0.2961888219093461
0.9204831959584587
0.04036793281633022
1.1375684566457742
0.4012393385949853
1.2125504221327057
0.7350619489499168
1.1405756063985941
0.9932011596964008
0.9360655812726639
1.1364404730932813
0.6306091772097246
1.140426151858578
0.268561090160017
0.9991268839231231
-0.09905407068235278
0.7258354028925835
-0.42150540587767055
0.35157041977667053
-0.6552440758432796
-0.07891202107623566
-0.7697848129516676
-0.5129659047099057
-0.7517862648245492
-0.8969783232553099
-0.6067803511090664
-1.1834396386327206
-0.3583195422903819
-1.337211673744823
-0.044660821506440795
-1.3401524266382714
0.28656121905014975
-1.3400657549268873
0.6749878656168373
-1.022283635706519
0.9349646576683052
-0.5989596352156991
1.06258965431428
-0.1255951058812415
1.0347537897595334
0.33660098685884265
0.8497508681631368
0.7288859958213394
0.5276941187351449
1.002791811252165
0.1079657177975063
1.1265170916122518
-0.3559619163933089
1.0890454323578318
-0.8036384133503292
0.9014393111853793
-1.1757244978677184
0.595141657658728
-1.4219678824312338
0.21752138961707496
-1.5079901171045602
-0.17472840312010832
-1.419967795207144
-0.5234410559131467
-1.1665745909742387
-0.7770088382862508
-0.7779192884713564
-0.8975065199040494
-0.3016194994267732
-0.8659386839113414
0.20346343397369637
-0.6848978419236245
0.6749878656168373
-0.3782712014482688
1.0553514457715434
0.011966249256652461
1.2992636028399382
0.4314398805343416
1.3796552512496845
0.820775916845103
1.2911346370104417
1.123712872841417
1.0505294000729901
1.2948252795517854
0.6944479831917342
1.3058123016840106
0.2741953829172479
1.1494967008636383
-0.15126533116108826
0.8409880426795728
-0.5233514156784776
0.41584644758696865
-0.791810583120677
-0.07451207868254565
-0.9215078517103322
-0.569555280140186
-0.8971325138692992
-1.007615985899407
-0.7251908221269342
-1.334043824701834
-0.43301782698120556
-1.5084324043764008
-0.06494555090111508
-1.5099511181695917
0.32385022207693437
-1.2658972330271079
0.6197200535818191
-0.9735296192510898
0.8518766824245736
-0.5830716734102153
0.9627409277529657
-0.1455414599314716
0.9313107959652648
0.2827642332552033
0.756219807673846
0.6477779384316964
0.4561126341662759
0.9048349779265341
0.06729737981751738
1.0245479239434274
-0.3610142182940649
0.9965940421005217
-0.7732407334374166
0.8309103839162624
-1.1148605165181718
0.556141902788185
-1.3397359228507084
0.2155593295151049
-1.416344456730457
-0.13899460981920006
-1.3320752832040057
-0.4543058912667155
-1.0950095035865766
-0.6831575332444535
-0.7329411326838456
-0.7908642639220722
-0.28976717338248187
-0.7600856006589876
0.18027056824810972
-0.5932629277183494
0.6197200535818191
-0.31234819120801166
0.9754729116919416
0.0441411368348929
1.2057244649373398
0.4263437525216197
1.2854071281344623
0.7798469829068991
1.2093706089275849
1.0531306684276538
0.9928863974623415
1.204653887213754
0.6694149184360314
1.2086230391592803
0.28594270502963404
1.0586569059700985
-0.10347576749301712
0.7688475200466853
-0.4450955505737723
0.37206678757233164
-0.6927789995270096
-0.08425957977211532
-0.814226918111943
-0.5443473398151575
-0.7953015199079402
-0.9513886409184114
-0.6418587023328379
-1.2550427456975448
-0.3788448005146484
-1.4180770741671802
-0.046783636198108006
-1.421267028702066
0.30386679751547757
-0.9917493215556505
0.4330455414085885
-0.785625046737892
0.5755784853098209
-0.5073701689827926
0.6340258207961837
-0.19281919700128905
0.5943596269382323
0.11838882567294412
0.45622791448757094
0.3880669847358952
0.23319658149992634
0.5845069652876108
-0.04890941767298074
0.6866009325834624
-0.3553475578635267
0.6865076062597034
-0.647035579584326
0.590508748168378
-0.8857513078636572
0.4179472869872081
-1.0392548608278829
0.19839776185965824
-1.0856428243958365
-0.03254137163812015
-1.0163463376653852
-0.23825803070894774
-0.8373668219305835
-0.3862558258101861
-0.5685797895236087
-0.4527033810079926
-0.24119686344640856
-0.4257837775547561
0.10627620656975262
-0.30738730267011477
0.4330455414085885
-0.11291559172804394
0.7013296762920127
0.13077840848706887
0.8812458967735985
0.3890371184977074
0.9546298047312587
0.6241384602364883
0.9172796252879194
0.8004872411387539
0.7793292622668686
0.8895533663415617
0.5637063396309908
0.8738854889634454
0.3028893811141028
0.7496525670212649
0.034407071578270054
0.527363787406816
-0.20430865670106108
0.23066273060722492
-0.3810179218502533
-0.10664863919429296
-0.4730270670918649
-0.44496162804097894
-0.47021365689844313
-0.7440076652724918
-0.3763151111302353
-0.9681121413091827
-0.20830961173058232
-1.0908519584778542
0.006023212531006059
-1.0984932325646044
0.23202739755194418
-0.5779365615306373
0.15520737534828044
-0.5002715611397406
0.16541097968694285
-0.3893068619854837
0.14686972322694203
-0.2582684882877658
0.09590063508734933
-0.12198662776044933
0.01362911711466025
0.0050096259493919715
-0.09396695737300062
0.11032249739685215
-0.21668977838824433
0.1851980335963253
-0.34135129324206204
0.22552212908536762
-0.45343900824266137
0.23217189543433867
-0.5389968493881273
0.21068187674185324
-0.5864697561394006
0.17027752322231723
-0.5882642563748788
0.12241391730775965
-0.5418142582315755
0.07902443806047701
-0.45000674702734256
0.05072284741136218
-0.32090719979069243
0.045207958783104185
-0.16681787467491563
0.06609185920671146
-0.002791132939099966
0.112314435485796
0.15520737534828044
0.17822660095740667
0.29224426756111943
0.2543330240510093
0.39621714347650194
0.32859473733005656
0.4592709603749616
0.3881150141551455
0.47864820682732423
0.4209787845468094
0.4568652293934745
0.41799384188007327
0.4011975759620994
0.3740941853400787
0.3225498159139485
0.28921045619798236
0.2338674997083233
0.16848356832172365
0.1483096585628574
0.021785724998099526
0.07743135301660992
-0.1373938212609042
0.029623097975464918
-0.29355524128965793
0.009017928534899466
-0.43107720385511783
0.0150123426853212
-0.5361403782064602
0.04246312549691966
-0.5984319272533889
0.08252954557464409
-0.612406302890436
0.12404215493507634
-0.11231443548579775
-0.15520737534827928
-0.17822660095740786
-0.2922442675611177
-0.2543330240510098
-0.3962171434764999
-0.3285947373300563
-0.4592709603749596
-0.3881150141551445
-0.4786482068273224
-0.4209787845468078
-0.4568652293934732
-0.4179938418800714
-0.4011975759620987
-0.3740941853400766
-0.32254981591394855
-0.28921045619798047
-0.2338674997083241
-0.16848356832172218
-0.14830965856285885
-0.02178572499809865
-0.0774313530166118
0.1373938212609043
-0.029623097975467028
0.29355524128965726
-0.00901792853490141
0.4310772038551165
-0.01501234268532281
0.5361403782064584
-0.04246312549692066
0.5984319272533868
-0.08252954557464441
0.6124063028904339
-0.1240421549350759
0.5779365615306356
-0.15520737534827928
0.5002715611397394
-0.16541097968694113
0.3893068619854832
-0.14686972322693997
0.25826848828776605
-0.09590063508734728
0.12198662776045033
-0.013629117114658418
-0.005009625949390389
0.09396695737300195
-0.11032249739685021
0.21668977838824502
-0.1851980335963232
0.341351293242062
-0.22552212908536573
0.4534390082426606
-0.2321718954343372
0.5389968493881259
-0.21068187674185235
0.5864697561393988
-0.17027752322231712
0.5882642563748767
-0.12241391730776027
0.5418142582315735
-0.07902443806047832
0.45000674702734095
-0.05072284741136396
0.32090719979069143
-0.04520795878310624
0.16681787467491532
-0.06609185920671351
0.0027911329391004103
0.30738730267011344
-0.43304554140858753
0.11291559172804294
-0.7013296762920114
-0.13077840848706931
-0.881245896773597
-0.38903711849770717
-0.9546298047312571
-0.6241384602364874
-0.917279625287918
-0.8004872411387527
-0.7793292622668677
-0.8895533663415601
-0.5637063396309903
-0.8738854889634436
-0.30288938111410285
-0.7496525670212634
-0.03440707157827072
-0.5273637874068149
0.20430865670105997
-0.23066273060722425
0.38101792185025174
0.10664863919429304
0.4730270670918632
0.4449616280409785
0.4702136568984416
0.7440076652724908
0.37631511113023397
0.9681121413091813
0.2083096117305815
1.0908519584778524
-0.006023212531006253
1.0984932325646029
-0.2320273975519438
0.9917493215556492
-0.43304554140858753
0.7856250467378911
-0.5755784853098196
0.5073701689827922
-0.6340258207961822
0.19281919700128924
-0.5943596269382305
-0.11838882567294334
-0.4562279144875695
-0.38806698473589396
-0.23319658149992534
-0.5845069652876093
0.04890941767298129
-0.6866009325834607
0.3553475578635266
-0.6865076062597019
0.6470355795843253
-0.5905087481683768
0.8857513078636561
-0.41794728698720746
1.039254860827881
-0.19839776185965816
1.0856428243958347
0.03254137163811971
1.0163463376653836
0.2382580307089467
0.8373668219305822
0.38625582581018475
0.5685797895236078
0.45270338100799096
0.24119686344640834
0.42578377755475455
-0.10627620656975223
0.5932629277183485
-0.6197200535818186
0.3123481912080111
-0.9754729116919407
-0.044141136834893124
-1.2057244649373386
-0.4263437525216196
-1.285407128134461
-0.7798469829068986
-1.209370608927584
-1.053130668427653
-0.9928863974623408
-1.204653887213753
-0.6694149184360312
-1.2086230391592792
-0.2859427050296341
-1.0586569059700977
0.10347576749301679
-0.7688475200466846
0.4450955505737714
-0.3720667875723312
0.6927789995270085
0.08425957977211539
0.8142269181119417
0.5443473398151571
0.7953015199079391
0.9513886409184107
0.641858702332837
1.255042745697544
0.37884480051464786
1.418077074167179
0.046783636198107784
1.4212670287020648
-0.3038667975154774
1.265897233027107
-0.6197200535818186
0.9735296192510894
-0.8518766824245727
0.583071673410215
-0.9627409277529646
0.14554145993147174
-0.9313107959652637
-0.2827642332552027
-0.7562198076738449
-0.6477779384316955
-0.4561126341662751
-0.9048349779265332
-0.0672973798175171
-1.0245479239434263
0.3610142182940648
-0.9965940421005208
0.7732407334374163
-0.8309103839162616
1.1148605165181709
-0.5561419027881845
1.3397359228507075
-0.21555932951510481
1.4163444567304557
0.13899460981919973
1.3320752832040044
0.45430589126671483
1.0950095035865757
0.6831575332444524
0.7329411326838451
0.7908642639220711
0.28976717338248165
0.7600856006589864
-0.1802705682481095
0.6848978419236245
-0.6749878656168373
0.3782712014482688
-1.0553514457715434
-0.011966249256652461
-1.2992636028399382
-0.4314398805343416
-1.3796552512496845
-0.820775916845103
-1.2911346370104417
-1.123712872841417
-1.0505294000729901
-1.2948252795517854
-0.6944479831917342
-1.3058123016840106
-0.2741953829172479
-1.1494967008636383
0.15126533116108826
-0.8409880426795728
0.5233514156784776
-0.41584644758696865
0.791810583120677
0.07451207868254565
0.9215078517103322
0.569555280140186
0.8971325138692992
1.007615985899407
0.7251908221269342
1.334043824701834
0.43301782698120556
1.5084324043764008
0.06494555090111508
1.5099511181695917
-0.32385022207693437
1.3400657549268873
-0.6749878656168373
1.022283635706519
-0.9349646576683052
0.5989596352156991
-1.06258965431428
0.1255951058812415
-1.0347537897595334
-0.33660098685884265
-0.8497508681631368
-0.7288859958213394
-0.5276941187351449
-1.002791811252165
-0.1079657177975063
-1.1265170916122518
0.3559619163933089
-1.0890454323578318
0.8036384133503292
-0.9014393111853793
1.1757244978677184
-0.595141657658728
1.4219678824312338
-0.21752138961707496
1.5079901171045602
0.17472840312010832
1.419967795207144
0.5234410559131467
1.1665745909742387
0.7770088382862508
0.7779192884713564
0.8975065199040494
0.3016194994267732
0.8659386839113414
-0.20346343397369637
0.5613649721003962
-0.5849472677568385
0.2961888219093463
-0.920483195958459
-0.040367932816330165
-1.1375684566457747
-0.40123933859498534
-1.212550422132706
-0.7350619489499169
-1.1405756063985941
-0.993201159696401
-0.9360655812726641
-1.1364404730932816
-0.6306091772097249
-1.1404261518585785
-0.26856109016001695
-0.9991268839231233
0.09905407068235289
-0.7258354028925837
0.42150540587767077
-0.3515704197766707
0.6552440758432798
0.07891202107623563
0.7697848129516678
0.5129659047099058
0.7517862648245497
0.89697832325531
0.6067803511090666
1.1834396386327208
0.3583195422903821
1.337211673744823
0.04466082150644085
1.3401524266382716
-0.28656121905014986
1.1934768311701194
-0.5849472677568385
0.9175377753660658
-0.8043329466482614
0.5490588216433465
-0.909223315458769
0.13619299568399618
-0.8797864089822052
-0.26792564841646305
-0.7147246006459952
-0.6122686593549027
-0.43162942816688604
-0.8546839723646924
-0.06476584494030418
-0.9674405304455351
0.3394203052468858
-0.940802959689462
0.7284694519994668
-0.7841593271262453
1.0509207871947845
-0.5245560411897143
1.2632254712501825
-0.2028444796523538
1.3356281452210883
0.13203340436840733
1.2562224179303276
0.4298420227218561
1.0326313568616654
0.6460073043537391
0.6910835554408826
0.7477849192851463
0.27300596269344624
0.718803473181552
-0.17041096973995257
0.24509239765706853
-0.3646158816483672
0.08158465621749467
-0.5930272357160518
-0.12290797082521579
-0.7469486713126835
-0.3392280768125537
-0.8110031824109449
-0.5356528451623425
-0.7815757671136213
-0.6822637844184675
-0.6671301616538323
-0.7551028367972115
-0.4869128847600044
-0.7395496232132099
-0.26822482455969276
-0.6324588879101579
-0.04263325045245342
-0.44276392222346483
0.1583607268709999
-0.19045838839659834
0.30761175702705895
0.09591235903141418
0.3859963799261055
0.38291816721948485
0.3849605529785637
0.6365803728642234
0.30760571661805325
0.826797927540422
0.1681690756790962
0.9312711345204634
-0.01002827810012237
0.9383978958931689
-0.19788388990119
0.8487552472880331
-0.3646158816483672
0.674968998683261
-0.48210447817258517
0.4399908723787562
-0.5288804976967091
0.17401642214706176
-0.49321564283100816
-0.0895406162902258
-0.3748907350859737
-0.31847564253544547
-0.1853968081792418
-0.4860271507593257
0.05346393858442586
-0.5743494427877662
0.31239358404614637
-0.5767599071057671
0.5584544798847484
-0.498462903027856
0.7594484572082018
-0.3556585688220424
0.8882301656328981
-0.17316332700647177
0.9263732032705358
0.01913002533646274
0.8666939064531541
0.19046814399210682
0.7142907486457006
0.3135534285808066
0.48595661525903266
0.36837229131649146
0.20803989551585184
0.34501355342740236
-0.08696113235772368
-0.20316345621342025
-0.05457889639261328
-0.22355480641821018
-0.1328420183647536
-0.24205236679073122
-0.19845400086647624
-0.25470408449614595
-0.24766335172335305
-0.25743325707978687
-0.27857969639662006
-0.24666975373198624
-0.291267136571072
-0.21994120587322497
-0.28759122091641276
-0.17634061079193775
-0.2708451118823404
-0.1168026429965662
-0.24520958726808986
-0.044146117896554524
-0.21512304958278017
0.03712887190530476
-0.18464885245607288
0.12126780572859425
-0.15692652221466663
0.2018610817870754
-0.13378099019160813
0.27254097277417877
-0.1155414790688475
0.3276878071105705
-0.10109227812333701
0.36305524016934226
-0.08814530666225509
0.37623472201115865
-0.07369350395018268
0.36690014539126004
-0.05457889639261328
0.33680237906811133
-0.028093106445116124
0.28951611069986155
0.00747672440984784
0.22997375804389317
0.052436463047054155
0.16384882788899713
0.10546966860591966
0.09687031753409953
0.1636534381548822
0.03415800659409672
0.2227087889777538
-0.020335301045540405
0.2774566783804949
-0.06420380968676107
0.3224222235115274
-0.09674495120635988
0.35250876119683705
-0.11887643784109284
0.36365293780676244
-0.13283140673872768
0.35337348767949994
-0.14167898947901048
0.3211395845343459
-0.14874111219460526
0.26850788593369207
-0.15699003542946877
0.19900753664706997
-0.1685132373212505
0.11778541861406883
-0.1841224634751631
0.03105540796945458
-0.6971552887154617
0.28756993516755125
-0.5596188545961143
0.375133649586871
-0.3728919855304938
0.4071004909636679
-0.16083741827943077
0.37438815248463514
0.05011394786977236
0.2769798628271841
0.23445749137391406
0.12407767144464021
0.37095774027710016
-0.06700570818905321
0.44539166446365563
-0.27307141936251134
0.4523261371892765
-0.4680787835360768
0.39569439445336335
-0.6266012943128165
0.2880989953366634
-0.7272296082087761
0.14894106966281082
-0.7554629951237556
0.0016342535644473521
-0.7056987421044473
-0.1297147663164066
-0.5820497747366503
-0.2237054319376193
-0.39787799649340605
-0.2646582537096679
-0.17410334673463845
-0.24483408106994342
0.06348692201109793
-0.16555451678719196
0.28756993516755125
-0.03706959601942794
0.4728150350996072
0.12281097142253644
0.5991368395614127
0.29113866738107463
0.6542398966381062
0.4429716587261496
0.6351169870344066
0.5548185292638389
0.5483042454788731
0.6079125942859456
0.40886378849714855
0.5908711212341732
0.23823583500856382
0.5013760683045229
0.06125427321772356
0.34664446333811677
-0.0972682375590162
0.14261953856614557
-0.21592235383770103
-0.08801378434603484
-0.27959349843755377
-0.3187267843254776
-0.2814721680702146
-0.5225724771727838
-0.22391265052942808
-0.6756815175981248
-0.11802625233993522
-0.7603612106626981
0.017933001863106257
-0.7673833396466299
0.1611683075238339
-1.1430894031339582
0.5991920981216655
-0.8617833982931051
0.8385194814313891
-0.4883434860314362
0.960066170206557
-0.07195869429823049
0.9430370181096673
0.3331655357837445
0.7856558554236843
0.6750589784119477
0.5055441756449088
0.9109120448686443
0.13746499659436323
1.012742864136398
-0.27126761376044695
0.971044554003021
-0.6670969351953909
0.7959245879872422
-0.9974007125234562
0.5155873041140635
-1.2175695903400743
0.17236969164997706
-1.2970318536594792
-0.18312887481332799
-1.2234107998349169
-0.4990249514749244
-1.0042522953733266
-0.7292900075349059
-0.6660872940159396
-0.840081424888765
-0.25095314842946237
-0.8144065764378441
0.18916002575644997
-0.6544868912310384
0.5991920981216655
-0.3815002726545514
0.9282999573975158
-0.03273521246475217
1.1365697557095962
0.34345953388216477
1.2002530952380304
0.6942471490564156
1.1148252391674467
0.9695077755065552
0.8954573974358373
1.1287009251525382
0.574844029313732
1.1464552885004815
0.19868281150643394
1.0161271062059518
-0.18057871547005203
0.7508420357843112
-0.5108824927981174
0.3818748797499798
-0.7476191650731935
-0.045419188633917085
-0.8596528209401103
-0.47757767190793554
-0.8334975780439886
-0.8601065647475955
-0.6750829116295645
-1.1447082357153011
-0.40887121688757666
-1.2956896984554491
-0.0744495629264235
-1.2946897020763979
0.2789405017225764
-1.4589214966326292
0.8254691085809501
-1.073356387012318
1.176460978710475
-0.5647418562980832
1.3644689677300839
-0.0006433050804398877
1.3601447428145614
0.544588334896094
1.1603897416911442
0.9997956614886649
0.7888990562444328
1.3065405790619673
0.2930730752304629
1.4268931575658488
-0.2622898212199859
1.3484351707814697
-0.803670892737625
1.085806614283903
-1.258709544760296
0.6785907858270719
-1.5659502858761232
0.1858282492140027
-1.6831426324753198
-0.3220946280894659
-1.5929730125960657
-0.7730823762052899
-1.3054536669784031
-1.1031864245291527
-0.8566441896331969
-1.265345240096449
-0.30387585951729534
-1.2358246729363969
0.2818794702010562
-1.0174858291102213
0.8254691085809501
-0.6394370005967844
1.2575745697647531
-0.1531153552648635
1.5239339237803164
0.37467286376935194
1.5925306760395919
0.8708132295744075
1.4577830278512003
1.2658200844708656
1.1411723236632665
1.5033053876845242
0.6882300802913405
1.5476977622644965
0.1622943236141767
1.3891657156323496
-0.36411831194995137
1.0450760694330226
-0.8191569639726225
0.5577861811284237
-1.1413661410419604
-0.010936559408554106
-1.2879856274144421
-0.5881190510716665
-1.2406997451772321
-1.0993072708836034
-1.008060380818347
-1.4785025933789449
-0.6242582564081665
-1.676971741129669
-0.1444109034670628
-1.6697440593519306
0.36299306125533437
-1.5909830007466146
0.9304877839402673
-1.1572768700407172
1.3359731176886591
-0.5866590262024027
1.55740420554801
0.04480134276245501
1.5613752785019643
0.6534441449540268
1.3440923450079676
1.1592619038755185
0.9319965268319698
1.4966305278577368
0.3782919361252157
1.6230806230000543
-0.24415634463807723
1.5249278540042135
-0.8525978558542209
1.2190055295890951
-1.3655279007539203
0.7502693524792166
-1.713672434529975
0.18560197413281287
-1.8493439079492242
-0.39534169633959915
-1.7529045069264266
-0.9110078889284625
-1.4354631162750957
-1.289063627413524
-0.9374402432109793
-1.4762572828878404
-0.3231924939726809
-1.445685184932182
0.32758024537653835
-1.2004803510741875
0.9304877839402673
-0.7734232700574347
1.4077277912720605
-0.22252614987404634
1.6984700333661757
0.376813387061771
1.7669484329783585
0.9420290852602456
1.6071722789247194
1.3945923261659978
1.2436243685691468
1.670692536849106
0.7278555732888585
1.7299467457404816
0.13143911754379506
1.5609588928555609
-0.46376102164161814
1.1829744907377477
-0.9766910665413174
0.643403229738789
-1.3380769723481025
0.011539965141443537
-1.4997802707855816
-0.6306721186300784
-1.4412766651892497
-1.1995928292346814
-1.172383182358344
-1.62107567171284
-0.7318670887345852
-1.8403901592161966
-0.18212666615451534
-1.8295387849154647
0.39933491895993983
-1.524493314000905
0.9042495423663375
-1.1033852237183956
1.302274718439538
-0.5499500344966889
1.5213003535530332
0.061925285186357426
1.5287319500240888
0.6510003000161237
1.3207608434512235
1.1396055152726836
0.9229741043842097
1.4640677669726787
0.3869840169094714
1.5832307778605934
-0.21647055808110438
1.4839228163507907
-0.807021683888103
1.1826361102919754
-1.3054879360751097
0.7231945898259726
-1.6445486851874147
0.1707285155074621
-1.7778361207963589
-0.3972266146668299
-1.68621708864148
-0.9013011654748745
-1.380415676248698
-1.2711013978645331
-0.89962103962879
-1.4547953911075824
-0.30626657883175046
-1.4261775364062266
0.32231688443937945
-1.1882553130981077
0.9042495423663375
-0.7728723137394542
1.3640582889770345
-0.2364174361843935
1.642763529234597
0.34780059523738527
1.7057384480809068
0.8994831809917392
1.5472829198878655
1.3422341806836289
1.191297821570911
1.6139419406446818
0.6879719324762659
1.6752466745635124
0.10693177339637167
1.5149469450833122
-0.47221801502006694
1.1516119815594539
-0.9706842672070737
0.6311786931230532
-1.3211463537099388
0.020854341835458895
-1.4768482052295644
-0.5998552800777753
-1.4178933714547788
-1.1497840464504898
-1.1538935998120565
-1.556976707915561
-0.7226145415719722
-1.7683279894198776
-0.18480340315018656
-1.7566904463851678
0.38410045497687595
-1.2858084798753049
0.7641707572289882
-0.9299778970466112
1.1010008101022566
-0.4624036810179259
1.2865446478139975
0.05447749068165897
1.2932417898540716
0.5520173396605753
1.1178593851316831
0.9645878354875402
0.782008116104782
1.2383912461005404
0.3292942412645852
1.3386603614257075
-0.18050999867071815
1.254278689209035
-0.6794923240002159
0.9991992045544847
-1.100740348511266
0.6104728558329748
-1.3873621922777672
0.14315605314251703
-1.5001700452929698
-0.33721207244074214
-1.4229889740921136
-0.7635436860186192
-1.164873433362796
-1.0763381412609434
-0.758931040741103
-1.2317833305965318
-0.2579108826277831
-1.2077261318701775
0.2728498573235627
-1.00670379181166
0.7641707572289882
-0.6556254966843816
1.1522861619542957
-0.20214631030201163
1.3873688903707542
0.29177707913583856
1.4401714744606258
0.7582781929776993
1.3058909976014919
1.1327859876905206
1.0047384653942482
1.3627989108475531
0.5791385124642655
1.4150409849043406
0.08794004743864613
1.280031220895184
-0.4015782473310797
0.9734466728683354
-0.8228262718421298
0.5340922323543418
-1.1189121461684028
0.018748388395504252
-1.2503257740932894
-0.5054102246437225
-1.2002586248026474
-0.9698045393357432
-0.9768418208929872
-1.3136377297151232
-0.6120013561345488
-1.492040701312446
-0.15708664007102655
-1.482078532232407
0.3241352091756017
-0.9359985973967662
0.5508023474526857
-0.6793646880017143
0.7918922371771205
-0.34187948709961313
0.9239950031053232
0.031437787945654605
0.9273011366125914
0.39108073786834907
0.7995322470595211
0.6897108322810055
0.5563111535147415
0.8885087439089707
0.22910754896481933
0.9623656135410593
-0.13896520737354087
0.9032148903800112
-0.4989361019326563
0.7210567819861975
-0.8025650992026544
0.4425391690720517
-1.0088454206358672
0.10728897321300007
-1.089541737316099
-0.23750818025313244
-1.033016312784593
-0.543545624832334
-0.845825918166994
-0.767978986079908
-0.5518729900829313
-0.879264052081207
-0.18922442286219215
-0.8614589906693616
0.19497396397631067
-0.7164084449612913
0.5508023474526857
-0.4635134752021551
0.8322418218044062
-0.13711776810286355
1.0033201156494052
0.2181370983837734
1.0429004555057668
0.5533598186520089
0.947469176142984
0.8220434639464234
0.7315478780993444
0.9863884974002786
0.42567659256811885
1.0224593112469358
0.07224223222712711
0.9234761134995289
-0.2802826823748176
0.7007955588666797
-0.5839116796448157
0.3824454713661751
-0.7976379810351993
0.009409219721692036
-0.8929726937127994
-0.36984081191855034
-0.8577795881999902
-0.7058247056159939
-0.6978889890835311
-0.9546782965180267
-0.43627367118975613
-1.0840257710779566
-0.10989931031811036
-1.077310203468921
0.23532354860359628
-0.5571686128985581
0.3187116915816947
-0.4084069892774656
0.4553529308501847
-0.2123410511982431
0.5290281950778583
0.004952878904172273
0.5283691853417121
0.21478521613119983
0.4521451404734265
0.38970542158919885
0.3094740011580568
0.5071790936219251
0.11863104714298219
0.5525942605974781
-0.0953854566831223
0.5211921222494088
-0.30420398418654726
0.4186629358892659
-0.4798933431384668
0.26032816402290804
-0.5987257120840792
0.06902101947653191
-0.6443812141104743
-0.1280466381216646
-0.6101612320687252
-0.30300623090325035
-0.49991123060466136
-0.4311389550213237
-0.32752783514711603
-0.49425129510581567
-0.1151158395155803
-0.4831624154817834
0.10995710334929265
-0.39896646184652595
0.3187116915816947
-0.25289853048118877
0.4844224998235398
-0.06482193871019004
0.586177403718286
0.13945905863789476
0.6116518858918836
0.33169801648214126
0.5587252404526952
0.48504351736285645
0.4357220430903691
0.5776958603121694
0.26024780537817
0.5958883342902124
0.05677742900382195
0.5357891751905454
-0.1466766956206494
0.40406588294812934
-0.322366054572569
0.2170340903301736
-0.4465628263971349
-0.001495747213712477
-0.5027644558752866
-0.2233847338953222
-0.483913190136413
-0.4199190312541918
-0.3933311306253928
-0.5656451347550462
-0.24424513459694464
-0.6417704075938687
-0.05796663087515261
-0.6386708742780604
0.1390266723226477
-0.23445770040894134
0.12448365870718721
-0.17606712858083715
0.1747598101824949
-0.09863666463577131
0.20054781777774122
-0.01238025524622894
0.197509172040195
0.0714492483476799
0.16525786949582355
0.1420663460539171
0.10743966464386687
0.19059127291381137
0.03126386753541049
0.21122687136890925
-0.05344990304883186
0.20201577112566457
-0.1355819646093998
0.1650764924525258
-0.20420340139986426
0.10628754788459345
-0.2500465081371653
0.034463220286684366
-0.2667564449542171
-0.0398666352831525
-0.25175506065777126
-0.10590695725438518
-0.20660003059915635
-0.15408116881333925
-0.13679043290454299
-0.1773469368628222
-0.0510444779509093
-0.17216553569646836
0.039853757329123364
-0.1389932757126203
0.12448365870718721
-0.08222816712755401
0.1923013521890802
-0.009618739710388576
0.23503354561663825
0.06878523448315257
0.24776471561092175
0.1419983094756013
0.2295718365369599
0.19959651491793945
0.18362192014392822
0.23314342861310264
0.11672011615388672
0.23735195127681566
0.03837022863483028
0.210824116979502
-0.04052477431892918
0.15626814659868832
-0.10914621110939365
0.08016246797668701
-0.15822637645350313
-0.008088935412606961
-0.18130019633574085
-0.09739680414717485
-0.17557280515770995
-0.17645601838230654
-0.14228606355802007
-0.23524665854272078
-0.08653488933381626
-0.26636486178820495
-0.016558750112012317
-0.2660044971497515
0.05739529933570862
-0.03755244118878412
0.014397550949553153
-0.030621410942735745
0.01829488097874478
-0.02113894435993706
0.019425256085313578
-0.010304314128147364
0.01734996732407303
0.0005517648306842208
0.012083073703195795
0.01014234154691954
0.004098569248186032
0.017391935650552415
-0.005725550558441296
0.0215743026049117
-0.016219044045945635
0.02240190643910427
-0.026072139509512357
0.02005530941511325
-0.03400876864367204
0.015148830984639115
-0.038957045705476215
0.008637452993154944
-0.040194031623606456
0.00167788898079008
-0.03744523185831615
-0.0045370800498979475
-0.030925326903061517
-0.008948307934240916
-0.02131450996228958
-0.010780811253638587
-0.009673445976366357
-0.009654538352942141
0.002691895096651769
-0.0056402116598753375
0.014397550949553153
0.0007474522351198637
0.024158737767133488
0.008618323454148034
0.030953283052083447
0.016828010256667476
0.03414959133721511
0.024135187020940252
0.03358220371587067
0.029373756385124853
0.029565078173176412
0.031616440369931706
0.0228411058611349
0.030307498757659493
0.014474956645775684
0.02534639550455302
0.005703958074193716
0.017110820349664484
-0.0022326710599659717
0.006415634831891312
-0.008263045013754893
-0.005587051726224359
-0.01162737520403026
-0.01755352585741524
-0.011978722933325782
-0.02812050224015398
-0.009426196890386651
-0.03608063231905576
-0.004514885949147514
-0.04053807906772368
0.0018545809904035072
-0.04102340153079777
0.008555751885040465
